ply
format ascii 1.0
element vertex 561
property float x
property float y
property float z
property float s
property float t
property float nx
property float ny
property float nz
property float tx
property float ty
property float tz
property float bx
property float by
property float bz
element face 1024
property list uchar int vertex_indices
end_header
0 0 1 0 0 0 0 1 -0 1 0 1 0 -0 
0 0 1 0.03125 0 0 0 1 -0.38268343236509 0.92387953251129 0 0.92387953251129 0.38268343236509 -0 
0 0 1 0.0625 0 0 0 1 -0.70710678118655 0.70710678118655 0 0.70710678118655 0.70710678118655 -0 
0 0 1 0.09375 0 0 0 1 -0.92387953251129 0.38268343236509 0 0.38268343236509 0.92387953251129 -0 
0 0 1 0.125 0 0 0 1 -1 6.1232339957368e-17 0 6.1232339957368e-17 1 -0 
-0 0 1 0.15625 0 -0 0 1 -0.92387953251129 -0.38268343236509 0 -0.38268343236509 0.92387953251129 -0 
-0 0 1 0.1875 0 -0 0 1 -0.70710678118655 -0.70710678118655 0 -0.70710678118655 0.70710678118655 -0 
-0 0 1 0.21875 0 -0 0 1 -0.38268343236509 -0.92387953251129 0 -0.92387953251129 0.38268343236509 -0 
-0 0 1 0.25 0 -0 0 1 -1.2246467991474e-16 -1 0 -1 1.2246467991474e-16 -0 
-0 -0 1 0.28125 0 -0 -0 1 0.38268343236509 -0.92387953251129 0 -0.92387953251129 -0.38268343236509 -0 
-0 -0 1 0.3125 0 -0 -0 1 0.70710678118655 -0.70710678118655 0 -0.70710678118655 -0.70710678118655 -0 
-0 -0 1 0.34375 0 -0 -0 1 0.92387953251129 -0.38268343236509 0 -0.38268343236509 -0.92387953251129 -0 
-0 -0 1 0.375 0 -0 -0 1 1 -1.836970198721e-16 0 -1.836970198721e-16 -1 -0 
0 -0 1 0.40625 0 0 -0 1 0.92387953251129 0.38268343236509 0 0.38268343236509 -0.92387953251129 -0 
0 -0 1 0.4375 0 0 -0 1 0.70710678118655 0.70710678118655 0 0.70710678118655 -0.70710678118655 -0 
0 -0 1 0.46875 0 0 -0 1 0.38268343236509 0.92387953251129 0 0.92387953251129 -0.38268343236509 -0 
0 -0 1 0.5 0 0 -0 1 2.4492935982947e-16 1 0 1 -2.4492935982947e-16 -0 
0 0 1 0.53125 0 0 0 1 -0.38268343236509 0.92387953251129 0 0.92387953251129 0.38268343236509 -0 
0 0 1 0.5625 0 0 0 1 -0.70710678118655 0.70710678118655 0 0.70710678118655 0.70710678118655 -0 
0 0 1 0.59375 0 0 0 1 -0.92387953251129 0.38268343236509 0 0.38268343236509 0.92387953251129 -0 
0 0 1 0.625 0 0 0 1 -1 3.0616169978684e-16 0 3.0616169978684e-16 1 -0 
-0 0 1 0.65625 0 -0 0 1 -0.92387953251129 -0.38268343236509 0 -0.38268343236509 0.92387953251129 -0 
-0 0 1 0.6875 0 -0 0 1 -0.70710678118655 -0.70710678118655 0 -0.70710678118655 0.70710678118655 -0 
-0 0 1 0.71875 0 -0 0 1 -0.38268343236509 -0.92387953251129 0 -0.92387953251129 0.38268343236509 -0 
-0 0 1 0.75 0 -0 0 1 -3.6739403974421e-16 -1 0 -1 3.6739403974421e-16 -0 
-0 -0 1 0.78125 0 -0 -0 1 0.38268343236509 -0.92387953251129 0 -0.92387953251129 -0.38268343236509 -0 
-0 -0 1 0.8125 0 -0 -0 1 0.70710678118655 -0.70710678118655 0 -0.70710678118655 -0.70710678118655 -0 
-0 -0 1 0.84375 0 -0 -0 1 0.92387953251129 -0.38268343236509 0 -0.38268343236509 -0.92387953251129 -0 
-0 -0 1 0.875 0 -0 -0 1 1 -4.2862637970157e-16 0 -4.2862637970157e-16 -1 -0 
0 -0 1 0.90625 0 0 -0 1 0.92387953251129 0.38268343236509 0 0.38268343236509 -0.92387953251129 -0 
0 -0 1 0.9375 0 0 -0 1 0.70710678118655 0.70710678118655 0 0.70710678118655 -0.70710678118655 -0 
0 -0 1 0.96875 0 0 -0 1 0.38268343236509 0.92387953251129 0 0.92387953251129 -0.38268343236509 -0 
0 -0 1 1 0 0 -0 1 4.8985871965894e-16 1 0 1 -4.8985871965894e-16 -0 
0.19509032201613 0 0.98078528040323 0 0.0625 0.19509032201613 0 0.98078528040323 -0 1 0 0.98078528040323 0 -0.19509032201613 
0.18023995550174 0.074657834050343 0.98078528040323 0.03125 0.0625 0.18023995550174 0.074657834050343 0.98078528040323 -0.38268343236509 0.92387953251129 0 0.90612744635289 0.37533027751787 -0.19509032201613 
0.13794968964147 0.13794968964147 0.98078528040323 0.0625 0.0625 0.13794968964147 0.13794968964147 0.98078528040323 -0.70710678118655 0.70710678118655 0 0.69351992266107 0.69351992266107 -0.19509032201613 
0.074657834050343 0.18023995550174 0.98078528040323 0.09375 0.0625 0.074657834050343 0.18023995550174 0.98078528040323 -0.92387953251129 0.38268343236509 0 0.37533027751787 0.90612744635289 -0.19509032201613 
1.1945836920084e-17 0.19509032201613 0.98078528040323 0.125 0.0625 1.1945836920084e-17 0.19509032201613 0.98078528040323 -1 6.1232339957368e-17 0 6.0055777714833e-17 0.98078528040323 -0.19509032201613 
-0.074657834050343 0.18023995550174 0.98078528040323 0.15625 0.0625 -0.074657834050343 0.18023995550174 0.98078528040323 -0.92387953251129 -0.38268343236509 0 -0.37533027751787 0.90612744635289 -0.19509032201613 
-0.13794968964147 0.13794968964147 0.98078528040323 0.1875 0.0625 -0.13794968964147 0.13794968964147 0.98078528040323 -0.70710678118655 -0.70710678118655 0 -0.69351992266107 0.69351992266107 -0.19509032201613 
-0.18023995550174 0.074657834050343 0.98078528040323 0.21875 0.0625 -0.18023995550174 0.074657834050343 0.98078528040323 -0.38268343236509 -0.92387953251129 0 -0.90612744635289 0.37533027751787 -0.19509032201613 
-0.19509032201613 2.3891673840168e-17 0.98078528040323 0.25 0.0625 -0.19509032201613 2.3891673840168e-17 0.98078528040323 -1.2246467991474e-16 -1 0 -0.98078528040323 1.2011155542967e-16 -0.19509032201613 
-0.18023995550174 -0.074657834050343 0.98078528040323 0.28125 0.0625 -0.18023995550174 -0.074657834050343 0.98078528040323 0.38268343236509 -0.92387953251129 0 -0.90612744635289 -0.37533027751787 -0.19509032201613 
-0.13794968964147 -0.13794968964147 0.98078528040323 0.3125 0.0625 -0.13794968964147 -0.13794968964147 0.98078528040323 0.70710678118655 -0.70710678118655 0 -0.69351992266107 -0.69351992266107 -0.19509032201613 
-0.074657834050343 -0.18023995550174 0.98078528040323 0.34375 0.0625 -0.074657834050343 -0.18023995550174 0.98078528040323 0.92387953251129 -0.38268343236509 0 -0.37533027751786 -0.90612744635289 -0.19509032201613 
-3.5837510760252e-17 -0.19509032201613 0.98078528040323 0.375 0.0625 -3.5837510760252e-17 -0.19509032201613 0.98078528040323 1 -1.836970198721e-16 0 -1.801673331445e-16 -0.98078528040323 -0.19509032201613 
0.074657834050343 -0.18023995550174 0.98078528040323 0.40625 0.0625 0.074657834050343 -0.18023995550174 0.98078528040323 0.92387953251129 0.38268343236509 0 0.37533027751787 -0.90612744635289 -0.19509032201613 
0.13794968964147 -0.13794968964147 0.98078528040323 0.4375 0.0625 0.13794968964147 -0.13794968964147 0.98078528040323 0.70710678118655 0.70710678118655 0 0.69351992266107 -0.69351992266107 -0.19509032201613 
0.18023995550174 -0.074657834050343 0.98078528040323 0.46875 0.0625 0.18023995550174 -0.074657834050343 0.98078528040323 0.38268343236509 0.92387953251129 0 0.90612744635289 -0.37533027751787 -0.19509032201613 
0.19509032201613 -4.7783347680336e-17 0.98078528040323 0.5 0.0625 0.19509032201613 -4.7783347680336e-17 0.98078528040323 2.4492935982947e-16 1 0 0.98078528040323 -2.4022311085933e-16 -0.19509032201613 
0.18023995550174 0.074657834050343 0.98078528040323 0.53125 0.0625 0.18023995550174 0.074657834050343 0.98078528040323 -0.38268343236509 0.92387953251129 0 0.90612744635289 0.37533027751787 -0.19509032201613 
0.13794968964147 0.13794968964147 0.98078528040323 0.5625 0.0625 0.13794968964147 0.13794968964147 0.98078528040323 -0.70710678118655 0.70710678118655 0 0.69351992266107 0.69351992266107 -0.19509032201613 
0.074657834050343 0.18023995550174 0.98078528040323 0.59375 0.0625 0.074657834050343 0.18023995550174 0.98078528040323 -0.92387953251129 0.38268343236509 0 0.37533027751787 0.90612744635289 -0.19509032201613 
5.9729184600419e-17 0.19509032201613 0.98078528040323 0.625 0.0625 5.9729184600419e-17 0.19509032201613 0.98078528040323 -1 3.0616169978684e-16 0 3.0027888857416e-16 0.98078528040323 -0.19509032201613 
-0.074657834050343 0.18023995550174 0.98078528040323 0.65625 0.0625 -0.074657834050343 0.18023995550174 0.98078528040323 -0.92387953251129 -0.38268343236509 0 -0.37533027751787 0.90612744635289 -0.19509032201613 
-0.13794968964147 0.13794968964147 0.98078528040323 0.6875 0.0625 -0.13794968964147 0.13794968964147 0.98078528040323 -0.70710678118655 -0.70710678118655 0 -0.69351992266107 0.69351992266107 -0.19509032201613 
-0.18023995550174 0.074657834050343 0.98078528040323 0.71875 0.0625 -0.18023995550174 0.074657834050343 0.98078528040323 -0.38268343236509 -0.92387953251129 0 -0.90612744635289 0.37533027751787 -0.19509032201613 
-0.19509032201613 7.1675021520503e-17 0.98078528040323 0.75 0.0625 -0.19509032201613 7.1675021520503e-17 0.98078528040323 -3.6739403974421e-16 -1 0 -0.98078528040323 3.60334666289e-16 -0.19509032201613 
-0.18023995550174 -0.074657834050343 0.98078528040323 0.78125 0.0625 -0.18023995550174 -0.074657834050343 0.98078528040323 0.38268343236509 -0.92387953251129 0 -0.90612744635289 -0.37533027751787 -0.19509032201613 
-0.13794968964147 -0.13794968964147 0.98078528040323 0.8125 0.0625 -0.13794968964147 -0.13794968964147 0.98078528040323 0.70710678118655 -0.70710678118655 0 -0.69351992266107 -0.69351992266107 -0.19509032201613 
-0.074657834050343 -0.18023995550174 0.98078528040323 0.84375 0.0625 -0.074657834050343 -0.18023995550174 0.98078528040323 0.92387953251129 -0.38268343236509 0 -0.37533027751787 -0.90612744635289 -0.19509032201613 
-8.3620858440587e-17 -0.19509032201613 0.98078528040323 0.875 0.0625 -8.3620858440587e-17 -0.19509032201613 0.98078528040323 1 -4.2862637970157e-16 0 -4.2039044400383e-16 -0.98078528040323 -0.19509032201613 
0.074657834050343 -0.18023995550174 0.98078528040323 0.90625 0.0625 0.074657834050343 -0.18023995550174 0.98078528040323 0.92387953251129 0.38268343236509 0 0.37533027751787 -0.90612744635289 -0.19509032201613 
0.13794968964147 -0.13794968964147 0.98078528040323 0.9375 0.0625 0.13794968964147 -0.13794968964147 0.98078528040323 0.70710678118655 0.70710678118655 0 0.69351992266107 -0.69351992266107 -0.19509032201613 
0.18023995550174 -0.074657834050343 0.98078528040323 0.96875 0.0625 0.18023995550174 -0.074657834050343 0.98078528040323 0.38268343236509 0.92387953251129 0 0.90612744635289 -0.37533027751787 -0.19509032201613 
0.19509032201613 -9.5566695360671e-17 0.98078528040323 1 0.0625 0.19509032201613 -9.5566695360671e-17 0.98078528040323 4.8985871965894e-16 1 0 0.98078528040323 -4.8044622171866e-16 -0.19509032201613 
0.38268343236509 0 0.92387953251129 0 0.125 0.38268343236509 0 0.92387953251129 -0 1 0 0.92387953251129 0 -0.38268343236509 
0.35355339059327 0.14644660940673 0.92387953251129 0.03125 0.125 0.35355339059327 0.14644660940673 0.92387953251129 -0.38268343236509 0.92387953251129 0 0.85355339059327 0.35355339059327 -0.38268343236509 
0.2705980500731 0.2705980500731 0.92387953251129 0.0625 0.125 0.2705980500731 0.2705980500731 0.92387953251129 -0.70710678118655 0.70710678118655 0 0.65328148243819 0.65328148243819 -0.38268343236509 
0.14644660940673 0.35355339059327 0.92387953251129 0.09375 0.125 0.14644660940673 0.35355339059327 0.92387953251129 -0.92387953251129 0.38268343236509 0 0.35355339059327 0.85355339059327 -0.38268343236509 
2.3432602026631e-17 0.38268343236509 0.92387953251129 0.125 0.125 2.3432602026631e-17 0.38268343236509 0.92387953251129 -1 6.1232339957368e-17 0 5.6571305614385e-17 0.92387953251129 -0.38268343236509 
-0.14644660940673 0.35355339059327 0.92387953251129 0.15625 0.125 -0.14644660940673 0.35355339059327 0.92387953251129 -0.92387953251129 -0.38268343236509 0 -0.35355339059327 0.85355339059327 -0.38268343236509 
-0.2705980500731 0.2705980500731 0.92387953251129 0.1875 0.125 -0.2705980500731 0.2705980500731 0.92387953251129 -0.70710678118655 -0.70710678118655 0 -0.65328148243819 0.65328148243819 -0.38268343236509 
-0.35355339059327 0.14644660940673 0.92387953251129 0.21875 0.125 -0.35355339059327 0.14644660940673 0.92387953251129 -0.38268343236509 -0.92387953251129 0 -0.85355339059327 0.35355339059327 -0.38268343236509 
-0.38268343236509 4.6865204053263e-17 0.92387953251129 0.25 0.125 -0.38268343236509 4.6865204053263e-17 0.92387953251129 -1.2246467991474e-16 -1 0 -0.92387953251129 1.1314261122877e-16 -0.38268343236509 
-0.35355339059327 -0.14644660940673 0.92387953251129 0.28125 0.125 -0.35355339059327 -0.14644660940673 0.92387953251129 0.38268343236509 -0.92387953251129 0 -0.85355339059327 -0.35355339059327 -0.38268343236509 
-0.2705980500731 -0.2705980500731 0.92387953251129 0.3125 0.125 -0.2705980500731 -0.2705980500731 0.92387953251129 0.70710678118655 -0.70710678118655 0 -0.65328148243819 -0.65328148243819 -0.38268343236509 
-0.14644660940673 -0.35355339059327 0.92387953251129 0.34375 0.125 -0.14644660940673 -0.35355339059327 0.92387953251129 0.92387953251129 -0.38268343236509 0 -0.35355339059327 -0.85355339059327 -0.38268343236509 
-7.0297806079894e-17 -0.38268343236509 0.92387953251129 0.375 0.125 -7.0297806079894e-17 -0.38268343236509 0.92387953251129 1 -1.836970198721e-16 0 -1.6971391684316e-16 -0.92387953251129 -0.38268343236509 
0.14644660940673 -0.35355339059327 0.92387953251129 0.40625 0.125 0.14644660940673 -0.35355339059327 0.92387953251129 0.92387953251129 0.38268343236509 0 0.35355339059327 -0.85355339059327 -0.38268343236509 
0.2705980500731 -0.2705980500731 0.92387953251129 0.4375 0.125 0.2705980500731 -0.2705980500731 0.92387953251129 0.70710678118655 0.70710678118655 0 0.65328148243819 -0.65328148243819 -0.38268343236509 
0.35355339059327 -0.14644660940673 0.92387953251129 0.46875 0.125 0.35355339059327 -0.14644660940673 0.92387953251129 0.38268343236509 0.92387953251129 0 0.85355339059327 -0.35355339059327 -0.38268343236509 
0.38268343236509 -9.3730408106526e-17 0.92387953251129 0.5 0.125 0.38268343236509 -9.3730408106526e-17 0.92387953251129 2.4492935982947e-16 1 0 0.92387953251129 -2.2628522245754e-16 -0.38268343236509 
0.35355339059327 0.14644660940673 0.92387953251129 0.53125 0.125 0.35355339059327 0.14644660940673 0.92387953251129 -0.38268343236509 0.92387953251129 0 0.85355339059327 0.35355339059327 -0.38268343236509 
0.2705980500731 0.2705980500731 0.92387953251129 0.5625 0.125 0.2705980500731 0.2705980500731 0.92387953251129 -0.70710678118655 0.70710678118655 0 0.65328148243819 0.65328148243819 -0.38268343236509 
0.14644660940673 0.35355339059327 0.92387953251129 0.59375 0.125 0.14644660940673 0.35355339059327 0.92387953251129 -0.92387953251129 0.38268343236509 0 0.35355339059327 0.85355339059327 -0.38268343236509 
1.1716301013316e-16 0.38268343236509 0.92387953251129 0.625 0.125 1.1716301013316e-16 0.38268343236509 0.92387953251129 -1 3.0616169978684e-16 0 2.8285652807193e-16 0.92387953251129 -0.38268343236509 
-0.14644660940673 0.35355339059327 0.92387953251129 0.65625 0.125 -0.14644660940673 0.35355339059327 0.92387953251129 -0.92387953251129 -0.38268343236509 0 -0.35355339059327 0.85355339059327 -0.38268343236509 
-0.2705980500731 0.2705980500731 0.92387953251129 0.6875 0.125 -0.2705980500731 0.2705980500731 0.92387953251129 -0.70710678118655 -0.70710678118655 0 -0.65328148243819 0.65328148243819 -0.38268343236509 
-0.35355339059327 0.14644660940673 0.92387953251129 0.71875 0.125 -0.35355339059327 0.14644660940673 0.92387953251129 -0.38268343236509 -0.92387953251129 0 -0.85355339059327 0.35355339059327 -0.38268343236509 
-0.38268343236509 1.4059561215979e-16 0.92387953251129 0.75 0.125 -0.38268343236509 1.4059561215979e-16 0.92387953251129 -3.6739403974421e-16 -1 0 -0.92387953251129 3.3942783368631e-16 -0.38268343236509 
-0.35355339059327 -0.14644660940673 0.92387953251129 0.78125 0.125 -0.35355339059327 -0.14644660940673 0.92387953251129 0.38268343236509 -0.92387953251129 0 -0.85355339059327 -0.35355339059327 -0.38268343236509 
-0.2705980500731 -0.2705980500731 0.92387953251129 0.8125 0.125 -0.2705980500731 -0.2705980500731 0.92387953251129 0.70710678118655 -0.70710678118655 0 -0.65328148243819 -0.65328148243819 -0.38268343236509 
-0.14644660940673 -0.35355339059327 0.92387953251129 0.84375 0.125 -0.14644660940673 -0.35355339059327 0.92387953251129 0.92387953251129 -0.38268343236509 0 -0.35355339059327 -0.85355339059327 -0.38268343236509 
-1.6402821418642e-16 -0.38268343236509 0.92387953251129 0.875 0.125 -1.6402821418642e-16 -0.38268343236509 0.92387953251129 1 -4.2862637970157e-16 0 -3.959991393007e-16 -0.92387953251129 -0.38268343236509 
0.14644660940673 -0.35355339059327 0.92387953251129 0.90625 0.125 0.14644660940673 -0.35355339059327 0.92387953251129 0.92387953251129 0.38268343236509 0 0.35355339059327 -0.85355339059327 -0.38268343236509 
0.2705980500731 -0.2705980500731 0.92387953251129 0.9375 0.125 0.2705980500731 -0.2705980500731 0.92387953251129 0.70710678118655 0.70710678118655 0 0.65328148243819 -0.65328148243819 -0.38268343236509 
0.35355339059327 -0.14644660940673 0.92387953251129 0.96875 0.125 0.35355339059327 -0.14644660940673 0.92387953251129 0.38268343236509 0.92387953251129 0 0.85355339059327 -0.35355339059327 -0.38268343236509 
0.38268343236509 -1.8746081621305e-16 0.92387953251129 1 0.125 0.38268343236509 -1.8746081621305e-16 0.92387953251129 4.8985871965894e-16 1 0 0.92387953251129 -4.5257044491508e-16 -0.38268343236509 
0.5555702330196 0 0.83146961230255 0 0.1875 0.5555702330196 0 0.83146961230255 -0 1 0 0.83146961230255 0 -0.5555702330196 
0.51327996715934 0.21260752369181 0.83146961230255 0.03125 0.1875 0.51327996715934 0.21260752369181 0.83146961230255 -0.38268343236509 0.92387953251129 0 0.76817775671142 0.31818964514321 -0.5555702330196 
0.39284747919355 0.39284747919355 0.83146961230255 0.0625 0.1875 0.39284747919355 0.39284747919355 0.83146961230255 -0.70710678118655 0.70710678118655 0 0.58793780120968 0.58793780120968 -0.5555702330196 
0.21260752369181 0.51327996715934 0.83146961230255 0.09375 0.1875 0.21260752369181 0.51327996715934 0.83146961230255 -0.92387953251129 0.38268343236509 0 0.31818964514321 0.76817775671142 -0.5555702330196 
3.401886537845e-17 0.5555702330196 0.83146961230255 0.125 0.1875 3.401886537845e-17 0.5555702330196 0.83146961230255 -1 6.1232339957368e-17 0 5.091282996473e-17 0.83146961230255 -0.5555702330196 
-0.21260752369181 0.51327996715934 0.83146961230255 0.15625 0.1875 -0.21260752369181 0.51327996715934 0.83146961230255 -0.92387953251129 -0.38268343236509 0 -0.31818964514321 0.76817775671142 -0.5555702330196 
-0.39284747919355 0.39284747919355 0.83146961230255 0.1875 0.1875 -0.39284747919355 0.39284747919355 0.83146961230255 -0.70710678118655 -0.70710678118655 0 -0.58793780120968 0.58793780120968 -0.5555702330196 
-0.51327996715934 0.21260752369181 0.83146961230255 0.21875 0.1875 -0.51327996715934 0.21260752369181 0.83146961230255 -0.38268343236509 -0.92387953251129 0 -0.76817775671142 0.31818964514321 -0.5555702330196 
-0.5555702330196 6.80377307569e-17 0.83146961230255 0.25 0.1875 -0.5555702330196 6.80377307569e-17 0.83146961230255 -1.2246467991474e-16 -1 0 -0.83146961230255 1.0182565992946e-16 -0.5555702330196 
-0.51327996715934 -0.21260752369181 0.83146961230255 0.28125 0.1875 -0.51327996715934 -0.21260752369181 0.83146961230255 0.38268343236509 -0.92387953251129 0 -0.76817775671142 -0.31818964514321 -0.5555702330196 
-0.39284747919355 -0.39284747919355 0.83146961230255 0.3125 0.1875 -0.39284747919355 -0.39284747919355 0.83146961230255 0.70710678118655 -0.70710678118655 0 -0.58793780120968 -0.58793780120968 -0.5555702330196 
-0.21260752369181 -0.51327996715934 0.83146961230255 0.34375 0.1875 -0.21260752369181 -0.51327996715934 0.83146961230255 0.92387953251129 -0.38268343236509 0 -0.31818964514321 -0.76817775671142 -0.5555702330196 
-1.0205659613535e-16 -0.5555702330196 0.83146961230255 0.375 0.1875 -1.0205659613535e-16 -0.5555702330196 0.83146961230255 1 -1.836970198721e-16 0 -1.5273848989419e-16 -0.83146961230255 -0.5555702330196 
0.21260752369181 -0.51327996715934 0.83146961230255 0.40625 0.1875 0.21260752369181 -0.51327996715934 0.83146961230255 0.92387953251129 0.38268343236509 0 0.31818964514321 -0.76817775671142 -0.5555702330196 
0.39284747919355 -0.39284747919355 0.83146961230255 0.4375 0.1875 0.39284747919355 -0.39284747919355 0.83146961230255 0.70710678118655 0.70710678118655 0 0.58793780120968 -0.58793780120968 -0.5555702330196 
0.51327996715934 -0.21260752369181 0.83146961230255 0.46875 0.1875 0.51327996715934 -0.21260752369181 0.83146961230255 0.38268343236509 0.92387953251129 0 0.76817775671142 -0.31818964514321 -0.5555702330196 
0.5555702330196 -1.360754615138e-16 0.83146961230255 0.5 0.1875 0.5555702330196 -1.360754615138e-16 0.83146961230255 2.4492935982947e-16 1 0 0.83146961230255 -2.0365131985892e-16 -0.5555702330196 
0.51327996715934 0.21260752369181 0.83146961230255 0.53125 0.1875 0.51327996715934 0.21260752369181 0.83146961230255 -0.38268343236509 0.92387953251129 0 0.76817775671142 0.31818964514321 -0.5555702330196 
0.39284747919355 0.39284747919355 0.83146961230255 0.5625 0.1875 0.39284747919355 0.39284747919355 0.83146961230255 -0.70710678118655 0.70710678118655 0 0.58793780120968 0.58793780120968 -0.5555702330196 
0.21260752369181 0.51327996715934 0.83146961230255 0.59375 0.1875 0.21260752369181 0.51327996715934 0.83146961230255 -0.92387953251129 0.38268343236509 0 0.31818964514321 0.76817775671142 -0.5555702330196 
1.7009432689225e-16 0.5555702330196 0.83146961230255 0.625 0.1875 1.7009432689225e-16 0.5555702330196 0.83146961230255 -1 3.0616169978684e-16 0 2.5456414982365e-16 0.83146961230255 -0.5555702330196 
-0.21260752369181 0.51327996715934 0.83146961230255 0.65625 0.1875 -0.21260752369181 0.51327996715934 0.83146961230255 -0.92387953251129 -0.38268343236509 0 -0.31818964514321 0.76817775671142 -0.5555702330196 
-0.39284747919355 0.39284747919355 0.83146961230255 0.6875 0.1875 -0.39284747919355 0.39284747919355 0.83146961230255 -0.70710678118655 -0.70710678118655 0 -0.58793780120968 0.58793780120968 -0.5555702330196 
-0.51327996715934 0.21260752369181 0.83146961230255 0.71875 0.1875 -0.51327996715934 0.21260752369181 0.83146961230255 -0.38268343236509 -0.92387953251129 0 -0.76817775671142 0.31818964514321 -0.5555702330196 
-0.5555702330196 2.041131922707e-16 0.83146961230255 0.75 0.1875 -0.5555702330196 2.041131922707e-16 0.83146961230255 -3.6739403974421e-16 -1 0 -0.83146961230255 3.0547697978838e-16 -0.5555702330196 
-0.51327996715934 -0.21260752369181 0.83146961230255 0.78125 0.1875 -0.51327996715934 -0.21260752369181 0.83146961230255 0.38268343236509 -0.92387953251129 0 -0.76817775671142 -0.31818964514321 -0.5555702330196 
-0.39284747919355 -0.39284747919355 0.83146961230255 0.8125 0.1875 -0.39284747919355 -0.39284747919355 0.83146961230255 0.70710678118655 -0.70710678118655 0 -0.58793780120968 -0.58793780120968 -0.5555702330196 
-0.21260752369181 -0.51327996715934 0.83146961230255 0.84375 0.1875 -0.21260752369181 -0.51327996715934 0.83146961230255 0.92387953251129 -0.38268343236509 0 -0.31818964514321 -0.76817775671142 -0.5555702330196 
-2.3813205764915e-16 -0.5555702330196 0.83146961230255 0.875 0.1875 -2.3813205764915e-16 -0.5555702330196 0.83146961230255 1 -4.2862637970157e-16 0 -3.5638980975311e-16 -0.83146961230255 -0.5555702330196 
0.21260752369181 -0.51327996715934 0.83146961230255 0.90625 0.1875 0.21260752369181 -0.51327996715934 0.83146961230255 0.92387953251129 0.38268343236509 0 0.31818964514321 -0.76817775671142 -0.5555702330196 
0.39284747919355 -0.39284747919355 0.83146961230255 0.9375 0.1875 0.39284747919355 -0.39284747919355 0.83146961230255 0.70710678118655 0.70710678118655 0 0.58793780120968 -0.58793780120968 -0.5555702330196 
0.51327996715934 -0.21260752369181 0.83146961230255 0.96875 0.1875 0.51327996715934 -0.21260752369181 0.83146961230255 0.38268343236509 0.92387953251129 0 0.76817775671142 -0.31818964514321 -0.5555702330196 
0.5555702330196 -2.721509230276e-16 0.83146961230255 1 0.1875 0.5555702330196 -2.721509230276e-16 0.83146961230255 4.8985871965894e-16 1 0 0.83146961230255 -4.0730263971784e-16 -0.5555702330196 
0.70710678118655 0 0.70710678118655 0 0.25 0.70710678118655 0 0.70710678118655 -0 1 0 0.70710678118655 0 -0.70710678118655 
0.65328148243819 0.2705980500731 0.70710678118655 0.03125 0.25 0.65328148243819 0.2705980500731 0.70710678118655 -0.38268343236509 0.92387953251129 0 0.65328148243819 0.2705980500731 -0.70710678118655 
0.5 0.5 0.70710678118655 0.0625 0.25 0.5 0.5 0.70710678118655 -0.70710678118655 0.70710678118655 0 0.5 0.5 -0.70710678118655 
0.2705980500731 0.65328148243819 0.70710678118655 0.09375 0.25 0.2705980500731 0.65328148243819 0.70710678118655 -0.92387953251129 0.38268343236509 0 0.2705980500731 0.65328148243819 -0.70710678118655 
4.3297802811775e-17 0.70710678118655 0.70710678118655 0.125 0.25 4.3297802811775e-17 0.70710678118655 0.70710678118655 -1 6.1232339957368e-17 0 4.3297802811775e-17 0.70710678118655 -0.70710678118655 
-0.2705980500731 0.65328148243819 0.70710678118655 0.15625 0.25 -0.2705980500731 0.65328148243819 0.70710678118655 -0.92387953251129 -0.38268343236509 0 -0.2705980500731 0.65328148243819 -0.70710678118655 
-0.5 0.5 0.70710678118655 0.1875 0.25 -0.5 0.5 0.70710678118655 -0.70710678118655 -0.70710678118655 0 -0.5 0.5 -0.70710678118655 
-0.65328148243819 0.2705980500731 0.70710678118655 0.21875 0.25 -0.65328148243819 0.2705980500731 0.70710678118655 -0.38268343236509 -0.92387953251129 0 -0.65328148243819 0.2705980500731 -0.70710678118655 
-0.70710678118655 8.6595605623549e-17 0.70710678118655 0.25 0.25 -0.70710678118655 8.6595605623549e-17 0.70710678118655 -1.2246467991474e-16 -1 0 -0.70710678118655 8.6595605623549e-17 -0.70710678118655 
-0.65328148243819 -0.2705980500731 0.70710678118655 0.28125 0.25 -0.65328148243819 -0.2705980500731 0.70710678118655 0.38268343236509 -0.92387953251129 0 -0.65328148243819 -0.2705980500731 -0.70710678118655 
-0.5 -0.5 0.70710678118655 0.3125 0.25 -0.5 -0.5 0.70710678118655 0.70710678118655 -0.70710678118655 0 -0.5 -0.5 -0.70710678118655 
-0.2705980500731 -0.65328148243819 0.70710678118655 0.34375 0.25 -0.2705980500731 -0.65328148243819 0.70710678118655 0.92387953251129 -0.38268343236509 0 -0.2705980500731 -0.65328148243819 -0.70710678118655 
-1.2989340843532e-16 -0.70710678118655 0.70710678118655 0.375 0.25 -1.2989340843532e-16 -0.70710678118655 0.70710678118655 1 -1.836970198721e-16 0 -1.2989340843532e-16 -0.70710678118655 -0.70710678118655 
0.2705980500731 -0.65328148243819 0.70710678118655 0.40625 0.25 0.2705980500731 -0.65328148243819 0.70710678118655 0.92387953251129 0.38268343236509 0 0.2705980500731 -0.65328148243819 -0.70710678118655 
0.5 -0.5 0.70710678118655 0.4375 0.25 0.5 -0.5 0.70710678118655 0.70710678118655 0.70710678118655 0 0.5 -0.5 -0.70710678118655 
0.65328148243819 -0.2705980500731 0.70710678118655 0.46875 0.25 0.65328148243819 -0.2705980500731 0.70710678118655 0.38268343236509 0.92387953251129 0 0.65328148243819 -0.2705980500731 -0.70710678118655 
0.70710678118655 -1.731912112471e-16 0.70710678118655 0.5 0.25 0.70710678118655 -1.731912112471e-16 0.70710678118655 2.4492935982947e-16 1 0 0.70710678118655 -1.731912112471e-16 -0.70710678118655 
0.65328148243819 0.2705980500731 0.70710678118655 0.53125 0.25 0.65328148243819 0.2705980500731 0.70710678118655 -0.38268343236509 0.92387953251129 0 0.65328148243819 0.2705980500731 -0.70710678118655 
0.5 0.5 0.70710678118655 0.5625 0.25 0.5 0.5 0.70710678118655 -0.70710678118655 0.70710678118655 0 0.5 0.5 -0.70710678118655 
0.2705980500731 0.65328148243819 0.70710678118655 0.59375 0.25 0.2705980500731 0.65328148243819 0.70710678118655 -0.92387953251129 0.38268343236509 0 0.2705980500731 0.65328148243819 -0.70710678118655 
2.1648901405887e-16 0.70710678118655 0.70710678118655 0.625 0.25 2.1648901405887e-16 0.70710678118655 0.70710678118655 -1 3.0616169978684e-16 0 2.1648901405887e-16 0.70710678118655 -0.70710678118655 
-0.2705980500731 0.65328148243819 0.70710678118655 0.65625 0.25 -0.2705980500731 0.65328148243819 0.70710678118655 -0.92387953251129 -0.38268343236509 0 -0.2705980500731 0.65328148243819 -0.70710678118655 
-0.5 0.5 0.70710678118655 0.6875 0.25 -0.5 0.5 0.70710678118655 -0.70710678118655 -0.70710678118655 0 -0.5 0.5 -0.70710678118655 
-0.65328148243819 0.2705980500731 0.70710678118655 0.71875 0.25 -0.65328148243819 0.2705980500731 0.70710678118655 -0.38268343236509 -0.92387953251129 0 -0.65328148243819 0.2705980500731 -0.70710678118655 
-0.70710678118655 2.5978681687065e-16 0.70710678118655 0.75 0.25 -0.70710678118655 2.5978681687065e-16 0.70710678118655 -3.6739403974421e-16 -1 0 -0.70710678118655 2.5978681687065e-16 -0.70710678118655 
-0.65328148243819 -0.2705980500731 0.70710678118655 0.78125 0.25 -0.65328148243819 -0.2705980500731 0.70710678118655 0.38268343236509 -0.92387953251129 0 -0.65328148243819 -0.2705980500731 -0.70710678118655 
-0.5 -0.5 0.70710678118655 0.8125 0.25 -0.5 -0.5 0.70710678118655 0.70710678118655 -0.70710678118655 0 -0.5 -0.5 -0.70710678118655 
-0.2705980500731 -0.65328148243819 0.70710678118655 0.84375 0.25 -0.2705980500731 -0.65328148243819 0.70710678118655 0.92387953251129 -0.38268343236509 0 -0.2705980500731 -0.65328148243819 -0.70710678118655 
-3.0308461968242e-16 -0.70710678118655 0.70710678118655 0.875 0.25 -3.0308461968242e-16 -0.70710678118655 0.70710678118655 1 -4.2862637970157e-16 0 -3.0308461968242e-16 -0.70710678118655 -0.70710678118655 
0.2705980500731 -0.65328148243819 0.70710678118655 0.90625 0.25 0.2705980500731 -0.65328148243819 0.70710678118655 0.92387953251129 0.38268343236509 0 0.2705980500731 -0.65328148243819 -0.70710678118655 
0.5 -0.5 0.70710678118655 0.9375 0.25 0.5 -0.5 0.70710678118655 0.70710678118655 0.70710678118655 0 0.5 -0.5 -0.70710678118655 
0.65328148243819 -0.2705980500731 0.70710678118655 0.96875 0.25 0.65328148243819 -0.2705980500731 0.70710678118655 0.38268343236509 0.92387953251129 0 0.65328148243819 -0.2705980500731 -0.70710678118655 
0.70710678118655 -3.463824224942e-16 0.70710678118655 1 0.25 0.70710678118655 -3.463824224942e-16 0.70710678118655 4.8985871965894e-16 1 0 0.70710678118655 -3.463824224942e-16 -0.70710678118655 
0.83146961230255 0 0.5555702330196 0 0.3125 0.83146961230255 0 0.5555702330196 -0 1 0 0.5555702330196 0 -0.83146961230255 
0.76817775671142 0.31818964514321 0.5555702330196 0.03125 0.3125 0.76817775671142 0.31818964514321 0.5555702330196 -0.38268343236509 0.92387953251129 0 0.51327996715934 0.21260752369181 -0.83146961230255 
0.58793780120968 0.58793780120968 0.5555702330196 0.0625 0.3125 0.58793780120968 0.58793780120968 0.5555702330196 -0.70710678118655 0.70710678118655 0 0.39284747919355 0.39284747919355 -0.83146961230255 
0.31818964514321 0.76817775671142 0.5555702330196 0.09375 0.3125 0.31818964514321 0.76817775671142 0.5555702330196 -0.92387953251129 0.38268343236509 0 0.21260752369181 0.51327996715934 -0.83146961230255 
5.091282996473e-17 0.83146961230255 0.5555702330196 0.125 0.3125 5.091282996473e-17 0.83146961230255 0.5555702330196 -1 6.1232339957368e-17 0 3.401886537845e-17 0.5555702330196 -0.83146961230255 
-0.31818964514321 0.76817775671142 0.5555702330196 0.15625 0.3125 -0.31818964514321 0.76817775671142 0.5555702330196 -0.92387953251129 -0.38268343236509 0 -0.21260752369181 0.51327996715934 -0.83146961230255 
-0.58793780120968 0.58793780120968 0.5555702330196 0.1875 0.3125 -0.58793780120968 0.58793780120968 0.5555702330196 -0.70710678118655 -0.70710678118655 0 -0.39284747919355 0.39284747919355 -0.83146961230255 
-0.76817775671142 0.31818964514321 0.5555702330196 0.21875 0.3125 -0.76817775671142 0.31818964514321 0.5555702330196 -0.38268343236509 -0.92387953251129 0 -0.51327996715934 0.21260752369181 -0.83146961230255 
-0.83146961230255 1.0182565992946e-16 0.5555702330196 0.25 0.3125 -0.83146961230255 1.0182565992946e-16 0.5555702330196 -1.2246467991474e-16 -1 0 -0.5555702330196 6.8037730756901e-17 -0.83146961230255 
-0.76817775671142 -0.31818964514321 0.5555702330196 0.28125 0.3125 -0.76817775671142 -0.31818964514321 0.5555702330196 0.38268343236509 -0.92387953251129 0 -0.51327996715934 -0.21260752369181 -0.83146961230255 
-0.58793780120968 -0.58793780120968 0.5555702330196 0.3125 0.3125 -0.58793780120968 -0.58793780120968 0.5555702330196 0.70710678118655 -0.70710678118655 0 -0.39284747919355 -0.39284747919355 -0.83146961230255 
-0.31818964514321 -0.76817775671142 0.5555702330196 0.34375 0.3125 -0.31818964514321 -0.76817775671142 0.5555702330196 0.92387953251129 -0.38268343236509 0 -0.21260752369181 -0.51327996715934 -0.83146961230255 
-1.5273848989419e-16 -0.83146961230255 0.5555702330196 0.375 0.3125 -1.5273848989419e-16 -0.83146961230255 0.5555702330196 1 -1.836970198721e-16 0 -1.0205659613535e-16 -0.5555702330196 -0.83146961230255 
0.31818964514321 -0.76817775671142 0.5555702330196 0.40625 0.3125 0.31818964514321 -0.76817775671142 0.5555702330196 0.92387953251129 0.38268343236509 0 0.21260752369181 -0.51327996715934 -0.83146961230255 
0.58793780120968 -0.58793780120968 0.5555702330196 0.4375 0.3125 0.58793780120968 -0.58793780120968 0.5555702330196 0.70710678118655 0.70710678118655 0 0.39284747919355 -0.39284747919355 -0.83146961230255 
0.76817775671142 -0.31818964514321 0.5555702330196 0.46875 0.3125 0.76817775671142 -0.31818964514321 0.5555702330196 0.38268343236509 0.92387953251129 0 0.51327996715934 -0.21260752369181 -0.83146961230255 
0.83146961230255 -2.0365131985892e-16 0.5555702330196 0.5 0.3125 0.83146961230255 -2.0365131985892e-16 0.5555702330196 2.4492935982947e-16 1 0 0.5555702330196 -1.360754615138e-16 -0.83146961230255 
0.76817775671142 0.31818964514321 0.5555702330196 0.53125 0.3125 0.76817775671142 0.31818964514321 0.5555702330196 -0.38268343236509 0.92387953251129 0 0.51327996715934 0.21260752369181 -0.83146961230255 
0.58793780120968 0.58793780120968 0.5555702330196 0.5625 0.3125 0.58793780120968 0.58793780120968 0.5555702330196 -0.70710678118655 0.70710678118655 0 0.39284747919355 0.39284747919355 -0.83146961230255 
0.31818964514321 0.76817775671142 0.5555702330196 0.59375 0.3125 0.31818964514321 0.76817775671142 0.5555702330196 -0.92387953251129 0.38268343236509 0 0.21260752369181 0.51327996715934 -0.83146961230255 
2.5456414982365e-16 0.83146961230255 0.5555702330196 0.625 0.3125 2.5456414982365e-16 0.83146961230255 0.5555702330196 -1 3.0616169978684e-16 0 1.7009432689225e-16 0.5555702330196 -0.83146961230255 
-0.31818964514321 0.76817775671142 0.5555702330196 0.65625 0.3125 -0.31818964514321 0.76817775671142 0.5555702330196 -0.92387953251129 -0.38268343236509 0 -0.21260752369181 0.51327996715934 -0.83146961230255 
-0.58793780120968 0.58793780120968 0.5555702330196 0.6875 0.3125 -0.58793780120968 0.58793780120968 0.5555702330196 -0.70710678118655 -0.70710678118655 0 -0.39284747919355 0.39284747919355 -0.83146961230255 
-0.76817775671142 0.31818964514321 0.5555702330196 0.71875 0.3125 -0.76817775671142 0.31818964514321 0.5555702330196 -0.38268343236509 -0.92387953251129 0 -0.51327996715934 0.21260752369181 -0.83146961230255 
-0.83146961230255 3.0547697978838e-16 0.5555702330196 0.75 0.3125 -0.83146961230255 3.0547697978838e-16 0.5555702330196 -3.6739403974421e-16 -1 0 -0.5555702330196 2.041131922707e-16 -0.83146961230255 
-0.76817775671142 -0.31818964514321 0.5555702330196 0.78125 0.3125 -0.76817775671142 -0.31818964514321 0.5555702330196 0.38268343236509 -0.92387953251129 0 -0.51327996715934 -0.21260752369181 -0.83146961230255 
-0.58793780120968 -0.58793780120968 0.5555702330196 0.8125 0.3125 -0.58793780120968 -0.58793780120968 0.5555702330196 0.70710678118655 -0.70710678118655 0 -0.39284747919355 -0.39284747919355 -0.83146961230255 
-0.31818964514321 -0.76817775671142 0.5555702330196 0.84375 0.3125 -0.31818964514321 -0.76817775671142 0.5555702330196 0.92387953251129 -0.38268343236509 0 -0.21260752369181 -0.51327996715934 -0.83146961230255 
-3.5638980975311e-16 -0.83146961230255 0.5555702330196 0.875 0.3125 -3.5638980975311e-16 -0.83146961230255 0.5555702330196 1 -4.2862637970157e-16 0 -2.3813205764915e-16 -0.5555702330196 -0.83146961230255 
0.31818964514321 -0.76817775671142 0.5555702330196 0.90625 0.3125 0.31818964514321 -0.76817775671142 0.5555702330196 0.92387953251129 0.38268343236509 0 0.21260752369181 -0.51327996715934 -0.83146961230255 
0.58793780120968 -0.58793780120968 0.5555702330196 0.9375 0.3125 0.58793780120968 -0.58793780120968 0.5555702330196 0.70710678118655 0.70710678118655 0 0.39284747919355 -0.39284747919355 -0.83146961230255 
0.76817775671142 -0.31818964514321 0.5555702330196 0.96875 0.3125 0.76817775671142 -0.31818964514321 0.5555702330196 0.38268343236509 0.92387953251129 0 0.51327996715934 -0.21260752369181 -0.83146961230255 
0.83146961230255 -4.0730263971784e-16 0.5555702330196 1 0.3125 0.83146961230255 -4.0730263971784e-16 0.5555702330196 4.8985871965894e-16 1 0 0.5555702330196 -2.721509230276e-16 -0.83146961230255 
0.92387953251129 0 0.38268343236509 0 0.375 0.92387953251129 0 0.38268343236509 -0 1 0 0.38268343236509 0 -0.92387953251129 
0.85355339059327 0.35355339059327 0.38268343236509 0.03125 0.375 0.85355339059327 0.35355339059327 0.38268343236509 -0.38268343236509 0.92387953251129 0 0.35355339059327 0.14644660940673 -0.92387953251129 
0.65328148243819 0.65328148243819 0.38268343236509 0.0625 0.375 0.65328148243819 0.65328148243819 0.38268343236509 -0.70710678118655 0.70710678118655 0 0.2705980500731 0.2705980500731 -0.92387953251129 
0.35355339059327 0.85355339059327 0.38268343236509 0.09375 0.375 0.35355339059327 0.85355339059327 0.38268343236509 -0.92387953251129 0.38268343236509 0 0.14644660940673 0.35355339059327 -0.92387953251129 
5.6571305614385e-17 0.92387953251129 0.38268343236509 0.125 0.375 5.6571305614385e-17 0.92387953251129 0.38268343236509 -1 6.1232339957368e-17 0 2.3432602026631e-17 0.38268343236509 -0.92387953251129 
-0.35355339059327 0.85355339059327 0.38268343236509 0.15625 0.375 -0.35355339059327 0.85355339059327 0.38268343236509 -0.92387953251129 -0.38268343236509 0 -0.14644660940673 0.35355339059327 -0.92387953251129 
-0.65328148243819 0.65328148243819 0.38268343236509 0.1875 0.375 -0.65328148243819 0.65328148243819 0.38268343236509 -0.70710678118655 -0.70710678118655 0 -0.2705980500731 0.2705980500731 -0.92387953251129 
-0.85355339059327 0.35355339059327 0.38268343236509 0.21875 0.375 -0.85355339059327 0.35355339059327 0.38268343236509 -0.38268343236509 -0.92387953251129 0 -0.35355339059327 0.14644660940673 -0.92387953251129 
-0.92387953251129 1.1314261122877e-16 0.38268343236509 0.25 0.375 -0.92387953251129 1.1314261122877e-16 0.38268343236509 -1.2246467991474e-16 -1 0 -0.38268343236509 4.6865204053263e-17 -0.92387953251129 
-0.85355339059327 -0.35355339059327 0.38268343236509 0.28125 0.375 -0.85355339059327 -0.35355339059327 0.38268343236509 0.38268343236509 -0.92387953251129 0 -0.35355339059327 -0.14644660940673 -0.92387953251129 
-0.65328148243819 -0.65328148243819 0.38268343236509 0.3125 0.375 -0.65328148243819 -0.65328148243819 0.38268343236509 0.70710678118655 -0.70710678118655 0 -0.2705980500731 -0.2705980500731 -0.92387953251129 
-0.35355339059327 -0.85355339059327 0.38268343236509 0.34375 0.375 -0.35355339059327 -0.85355339059327 0.38268343236509 0.92387953251129 -0.38268343236509 0 -0.14644660940673 -0.35355339059327 -0.92387953251129 
-1.6971391684316e-16 -0.92387953251129 0.38268343236509 0.375 0.375 -1.6971391684316e-16 -0.92387953251129 0.38268343236509 1 -1.836970198721e-16 0 -7.0297806079894e-17 -0.38268343236509 -0.92387953251129 
0.35355339059327 -0.85355339059327 0.38268343236509 0.40625 0.375 0.35355339059327 -0.85355339059327 0.38268343236509 0.92387953251129 0.38268343236509 0 0.14644660940673 -0.35355339059327 -0.92387953251129 
0.65328148243819 -0.65328148243819 0.38268343236509 0.4375 0.375 0.65328148243819 -0.65328148243819 0.38268343236509 0.70710678118655 0.70710678118655 0 0.2705980500731 -0.2705980500731 -0.92387953251129 
0.85355339059327 -0.35355339059327 0.38268343236509 0.46875 0.375 0.85355339059327 -0.35355339059327 0.38268343236509 0.38268343236509 0.92387953251129 0 0.35355339059327 -0.14644660940673 -0.92387953251129 
0.92387953251129 -2.2628522245754e-16 0.38268343236509 0.5 0.375 0.92387953251129 -2.2628522245754e-16 0.38268343236509 2.4492935982947e-16 1 0 0.38268343236509 -9.3730408106526e-17 -0.92387953251129 
