ply
format ascii 1.0
element vertex 425
property float x
property float y
property float z
property float s
property float t
property float nx
property float ny
property float nz
property float tx
property float ty
property float tz
property float bx
property float by
property float bz
element face 768
property list uchar int vertex_indices
end_header
0 0 1 1 0 0 0 1 -0 1 0 1 0 -0 
0 0 1 0.95833333333333 0 0 0 1 -0.38268343236509 0.92387953251129 0 0.92387953251129 0.38268343236509 -0 
0 0 1 0.91666666666667 0 0 0 1 -0.70710678118655 0.70710678118655 0 0.70710678118655 0.70710678118655 -0 
0 0 1 0.875 0 0 0 1 -0.92387953251129 0.38268343236509 0 0.38268343236509 0.92387953251129 -0 
0 0 1 0.83333333333333 0 0 0 1 -1 6.1232339957368e-17 0 6.1232339957368e-17 1 -0 
-0 0 1 0.79166666666667 0 -0 0 1 -0.92387953251129 -0.38268343236509 0 -0.38268343236509 0.92387953251129 -0 
-0 0 1 0.75 0 -0 0 1 -0.70710678118655 -0.70710678118655 0 -0.70710678118655 0.70710678118655 -0 
-0 0 1 0.70833333333333 0 -0 0 1 -0.38268343236509 -0.92387953251129 0 -0.92387953251129 0.38268343236509 -0 
-0 0 1 0.66666666666667 0 -0 0 1 -1.2246467991474e-16 -1 0 -1 1.2246467991474e-16 -0 
-0 -0 1 0.625 0 -0 -0 1 0.38268343236509 -0.92387953251129 0 -0.92387953251129 -0.38268343236509 -0 
-0 -0 1 0.58333333333333 0 -0 -0 1 0.70710678118655 -0.70710678118655 0 -0.70710678118655 -0.70710678118655 -0 
-0 -0 1 0.54166666666667 0 -0 -0 1 0.92387953251129 -0.38268343236509 0 -0.38268343236509 -0.92387953251129 -0 
-0 -0 1 0.5 0 -0 -0 1 1 -1.836970198721e-16 0 -1.836970198721e-16 -1 -0 
0 -0 1 0.45833333333333 0 0 -0 1 0.92387953251129 0.38268343236509 0 0.38268343236509 -0.92387953251129 -0 
0 -0 1 0.41666666666667 0 0 -0 1 0.70710678118655 0.70710678118655 0 0.70710678118655 -0.70710678118655 -0 
0 -0 1 0.375 0 0 -0 1 0.38268343236509 0.92387953251129 0 0.92387953251129 -0.38268343236509 -0 
0 -0 1 0.33333333333333 0 0 -0 1 2.4492935982947e-16 1 0 1 -2.4492935982947e-16 -0 
0 0 1 0.29166666666667 0 0 0 1 -0.38268343236509 0.92387953251129 0 0.92387953251129 0.38268343236509 -0 
0 0 1 0.25 0 0 0 1 -0.70710678118655 0.70710678118655 0 0.70710678118655 0.70710678118655 -0 
0 0 1 0.20833333333333 0 0 0 1 -0.92387953251129 0.38268343236509 0 0.38268343236509 0.92387953251129 -0 
0 0 1 0.16666666666667 0 0 0 1 -1 3.0616169978684e-16 0 3.0616169978684e-16 1 -0 
-0 0 1 0.125 0 -0 0 1 -0.92387953251129 -0.38268343236509 0 -0.38268343236509 0.92387953251129 -0 
-0 0 1 0.083333333333333 0 -0 0 1 -0.70710678118655 -0.70710678118655 0 -0.70710678118655 0.70710678118655 -0 
-0 0 1 0.041666666666667 0 -0 0 1 -0.38268343236509 -0.92387953251129 0 -0.92387953251129 0.38268343236509 -0 
-0 0 1 0 0 -0 0 1 -3.6739403974421e-16 -1 0 -1 3.6739403974421e-16 -0 
0.19509032201613 0 0.98078528040323 1 0.0625 0.19509032201613 0 0.98078528040323 -0 1 0 0.98078528040323 0 -0.19509032201613 
0.18023995550174 0.074657834050343 0.98078528040323 0.95833333333333 0.0625 0.18023995550174 0.074657834050343 0.98078528040323 -0.38268343236509 0.92387953251129 0 0.90612744635289 0.37533027751787 -0.19509032201613 
0.13794968964147 0.13794968964147 0.98078528040323 0.91666666666667 0.0625 0.13794968964147 0.13794968964147 0.98078528040323 -0.70710678118655 0.70710678118655 0 0.69351992266107 0.69351992266107 -0.19509032201613 
0.074657834050343 0.18023995550174 0.98078528040323 0.875 0.0625 0.074657834050343 0.18023995550174 0.98078528040323 -0.92387953251129 0.38268343236509 0 0.37533027751787 0.90612744635289 -0.19509032201613 
1.1945836920084e-17 0.19509032201613 0.98078528040323 0.83333333333333 0.0625 1.1945836920084e-17 0.19509032201613 0.98078528040323 -1 6.1232339957368e-17 0 6.0055777714833e-17 0.98078528040323 -0.19509032201613 
-0.074657834050343 0.18023995550174 0.98078528040323 0.79166666666667 0.0625 -0.074657834050343 0.18023995550174 0.98078528040323 -0.92387953251129 -0.38268343236509 0 -0.37533027751787 0.90612744635289 -0.19509032201613 
-0.13794968964147 0.13794968964147 0.98078528040323 0.75 0.0625 -0.13794968964147 0.13794968964147 0.98078528040323 -0.70710678118655 -0.70710678118655 0 -0.69351992266107 0.69351992266107 -0.19509032201613 
-0.18023995550174 0.074657834050343 0.98078528040323 0.70833333333333 0.0625 -0.18023995550174 0.074657834050343 0.98078528040323 -0.38268343236509 -0.92387953251129 0 -0.90612744635289 0.37533027751787 -0.19509032201613 
-0.19509032201613 2.3891673840168e-17 0.98078528040323 0.66666666666667 0.0625 -0.19509032201613 2.3891673840168e-17 0.98078528040323 -1.2246467991474e-16 -1 0 -0.98078528040323 1.2011155542967e-16 -0.19509032201613 
-0.18023995550174 -0.074657834050343 0.98078528040323 0.625 0.0625 -0.18023995550174 -0.074657834050343 0.98078528040323 0.38268343236509 -0.92387953251129 0 -0.90612744635289 -0.37533027751787 -0.19509032201613 
-0.13794968964147 -0.13794968964147 0.98078528040323 0.58333333333333 0.0625 -0.13794968964147 -0.13794968964147 0.98078528040323 0.70710678118655 -0.70710678118655 0 -0.69351992266107 -0.69351992266107 -0.19509032201613 
-0.074657834050343 -0.18023995550174 0.98078528040323 0.54166666666667 0.0625 -0.074657834050343 -0.18023995550174 0.98078528040323 0.92387953251129 -0.38268343236509 0 -0.37533027751786 -0.90612744635289 -0.19509032201613 
-3.5837510760252e-17 -0.19509032201613 0.98078528040323 0.5 0.0625 -3.5837510760252e-17 -0.19509032201613 0.98078528040323 1 -1.836970198721e-16 0 -1.801673331445e-16 -0.98078528040323 -0.19509032201613 
0.074657834050343 -0.18023995550174 0.98078528040323 0.45833333333333 0.0625 0.074657834050343 -0.18023995550174 0.98078528040323 0.92387953251129 0.38268343236509 0 0.37533027751787 -0.90612744635289 -0.19509032201613 
0.13794968964147 -0.13794968964147 0.98078528040323 0.41666666666667 0.0625 0.13794968964147 -0.13794968964147 0.98078528040323 0.70710678118655 0.70710678118655 0 0.69351992266107 -0.69351992266107 -0.19509032201613 
0.18023995550174 -0.074657834050343 0.98078528040323 0.375 0.0625 0.18023995550174 -0.074657834050343 0.98078528040323 0.38268343236509 0.92387953251129 0 0.90612744635289 -0.37533027751787 -0.19509032201613 
0.19509032201613 -4.7783347680336e-17 0.98078528040323 0.33333333333333 0.0625 0.19509032201613 -4.7783347680336e-17 0.98078528040323 2.4492935982947e-16 1 0 0.98078528040323 -2.4022311085933e-16 -0.19509032201613 
0.18023995550174 0.074657834050343 0.98078528040323 0.29166666666667 0.0625 0.18023995550174 0.074657834050343 0.98078528040323 -0.38268343236509 0.92387953251129 0 0.90612744635289 0.37533027751787 -0.19509032201613 
0.13794968964147 0.13794968964147 0.98078528040323 0.25 0.0625 0.13794968964147 0.13794968964147 0.98078528040323 -0.70710678118655 0.70710678118655 0 0.69351992266107 0.69351992266107 -0.19509032201613 
0.074657834050343 0.18023995550174 0.98078528040323 0.20833333333333 0.0625 0.074657834050343 0.18023995550174 0.98078528040323 -0.92387953251129 0.38268343236509 0 0.37533027751787 0.90612744635289 -0.19509032201613 
5.9729184600419e-17 0.19509032201613 0.98078528040323 0.16666666666667 0.0625 5.9729184600419e-17 0.19509032201613 0.98078528040323 -1 3.0616169978684e-16 0 3.0027888857416e-16 0.98078528040323 -0.19509032201613 
-0.074657834050343 0.18023995550174 0.98078528040323 0.125 0.0625 -0.074657834050343 0.18023995550174 0.98078528040323 -0.92387953251129 -0.38268343236509 0 -0.37533027751787 0.90612744635289 -0.19509032201613 
-0.13794968964147 0.13794968964147 0.98078528040323 0.083333333333333 0.0625 -0.13794968964147 0.13794968964147 0.98078528040323 -0.70710678118655 -0.70710678118655 0 -0.69351992266107 0.69351992266107 -0.19509032201613 
-0.18023995550174 0.074657834050343 0.98078528040323 0.041666666666667 0.0625 -0.18023995550174 0.074657834050343 0.98078528040323 -0.38268343236509 -0.92387953251129 0 -0.90612744635289 0.37533027751787 -0.19509032201613 
-0.19509032201613 7.1675021520503e-17 0.98078528040323 0 0.0625 -0.19509032201613 7.1675021520503e-17 0.98078528040323 -3.6739403974421e-16 -1 0 -0.98078528040323 3.60334666289e-16 -0.19509032201613 
0.38268343236509 0 0.92387953251129 1 0.125 0.38268343236509 0 0.92387953251129 -0 1 0 0.92387953251129 0 -0.38268343236509 
0.35355339059327 0.14644660940673 0.92387953251129 0.95833333333333 0.125 0.35355339059327 0.14644660940673 0.92387953251129 -0.38268343236509 0.92387953251129 0 0.85355339059327 0.35355339059327 -0.38268343236509 
0.2705980500731 0.2705980500731 0.92387953251129 0.91666666666667 0.125 0.2705980500731 0.2705980500731 0.92387953251129 -0.70710678118655 0.70710678118655 0 0.65328148243819 0.65328148243819 -0.38268343236509 
0.14644660940673 0.35355339059327 0.92387953251129 0.875 0.125 0.14644660940673 0.35355339059327 0.92387953251129 -0.92387953251129 0.38268343236509 0 0.35355339059327 0.85355339059327 -0.38268343236509 
2.3432602026631e-17 0.38268343236509 0.92387953251129 0.83333333333333 0.125 2.3432602026631e-17 0.38268343236509 0.92387953251129 -1 6.1232339957368e-17 0 5.6571305614385e-17 0.92387953251129 -0.38268343236509 
-0.14644660940673 0.35355339059327 0.92387953251129 0.79166666666667 0.125 -0.14644660940673 0.35355339059327 0.92387953251129 -0.92387953251129 -0.38268343236509 0 -0.35355339059327 0.85355339059327 -0.38268343236509 
-0.2705980500731 0.2705980500731 0.92387953251129 0.75 0.125 -0.2705980500731 0.2705980500731 0.92387953251129 -0.70710678118655 -0.70710678118655 0 -0.65328148243819 0.65328148243819 -0.38268343236509 
-0.35355339059327 0.14644660940673 0.92387953251129 0.70833333333333 0.125 -0.35355339059327 0.14644660940673 0.92387953251129 -0.38268343236509 -0.92387953251129 0 -0.85355339059327 0.35355339059327 -0.38268343236509 
-0.38268343236509 4.6865204053263e-17 0.92387953251129 0.66666666666667 0.125 -0.38268343236509 4.6865204053263e-17 0.92387953251129 -1.2246467991474e-16 -1 0 -0.92387953251129 1.1314261122877e-16 -0.38268343236509 
-0.35355339059327 -0.14644660940673 0.92387953251129 0.625 0.125 -0.35355339059327 -0.14644660940673 0.92387953251129 0.38268343236509 -0.92387953251129 0 -0.85355339059327 -0.35355339059327 -0.38268343236509 
-0.2705980500731 -0.2705980500731 0.92387953251129 0.58333333333333 0.125 -0.2705980500731 -0.2705980500731 0.92387953251129 0.70710678118655 -0.70710678118655 0 -0.65328148243819 -0.65328148243819 -0.38268343236509 
-0.14644660940673 -0.35355339059327 0.92387953251129 0.54166666666667 0.125 -0.14644660940673 -0.35355339059327 0.92387953251129 0.92387953251129 -0.38268343236509 0 -0.35355339059327 -0.85355339059327 -0.38268343236509 
-7.0297806079894e-17 -0.38268343236509 0.92387953251129 0.5 0.125 -7.0297806079894e-17 -0.38268343236509 0.92387953251129 1 -1.836970198721e-16 0 -1.6971391684316e-16 -0.92387953251129 -0.38268343236509 
0.14644660940673 -0.35355339059327 0.92387953251129 0.45833333333333 0.125 0.14644660940673 -0.35355339059327 0.92387953251129 0.92387953251129 0.38268343236509 0 0.35355339059327 -0.85355339059327 -0.38268343236509 
0.2705980500731 -0.2705980500731 0.92387953251129 0.41666666666667 0.125 0.2705980500731 -0.2705980500731 0.92387953251129 0.70710678118655 0.70710678118655 0 0.65328148243819 -0.65328148243819 -0.38268343236509 
0.35355339059327 -0.14644660940673 0.92387953251129 0.375 0.125 0.35355339059327 -0.14644660940673 0.92387953251129 0.38268343236509 0.92387953251129 0 0.85355339059327 -0.35355339059327 -0.38268343236509 
0.38268343236509 -9.3730408106526e-17 0.92387953251129 0.33333333333333 0.125 0.38268343236509 -9.3730408106526e-17 0.92387953251129 2.4492935982947e-16 1 0 0.92387953251129 -2.2628522245754e-16 -0.38268343236509 
0.35355339059327 0.14644660940673 0.92387953251129 0.29166666666667 0.125 0.35355339059327 0.14644660940673 0.92387953251129 -0.38268343236509 0.92387953251129 0 0.85355339059327 0.35355339059327 -0.38268343236509 
0.2705980500731 0.2705980500731 0.92387953251129 0.25 0.125 0.2705980500731 0.2705980500731 0.92387953251129 -0.70710678118655 0.70710678118655 0 0.65328148243819 0.65328148243819 -0.38268343236509 
0.14644660940673 0.35355339059327 0.92387953251129 0.20833333333333 0.125 0.14644660940673 0.35355339059327 0.92387953251129 -0.92387953251129 0.38268343236509 0 0.35355339059327 0.85355339059327 -0.38268343236509 
1.1716301013316e-16 0.38268343236509 0.92387953251129 0.16666666666667 0.125 1.1716301013316e-16 0.38268343236509 0.92387953251129 -1 3.0616169978684e-16 0 2.8285652807193e-16 0.92387953251129 -0.38268343236509 
-0.14644660940673 0.35355339059327 0.92387953251129 0.125 0.125 -0.14644660940673 0.35355339059327 0.92387953251129 -0.92387953251129 -0.38268343236509 0 -0.35355339059327 0.85355339059327 -0.38268343236509 
-0.2705980500731 0.2705980500731 0.92387953251129 0.083333333333333 0.125 -0.2705980500731 0.2705980500731 0.92387953251129 -0.70710678118655 -0.70710678118655 0 -0.65328148243819 0.65328148243819 -0.38268343236509 
-0.35355339059327 0.14644660940673 0.92387953251129 0.041666666666667 0.125 -0.35355339059327 0.14644660940673 0.92387953251129 -0.38268343236509 -0.92387953251129 0 -0.85355339059327 0.35355339059327 -0.38268343236509 
-0.38268343236509 1.4059561215979e-16 0.92387953251129 0 0.125 -0.38268343236509 1.4059561215979e-16 0.92387953251129 -3.6739403974421e-16 -1 0 -0.92387953251129 3.3942783368631e-16 -0.38268343236509 
0.5555702330196 0 0.83146961230255 1 0.1875 0.5555702330196 0 0.83146961230255 -0 1 0 0.83146961230255 0 -0.5555702330196 
0.51327996715934 0.21260752369181 0.83146961230255 0.95833333333333 0.1875 0.51327996715934 0.21260752369181 0.83146961230255 -0.38268343236509 0.92387953251129 0 0.76817775671142 0.31818964514321 -0.5555702330196 
0.39284747919355 0.39284747919355 0.83146961230255 0.91666666666667 0.1875 0.39284747919355 0.39284747919355 0.83146961230255 -0.70710678118655 0.70710678118655 0 0.58793780120968 0.58793780120968 -0.5555702330196 
0.21260752369181 0.51327996715934 0.83146961230255 0.875 0.1875 0.21260752369181 0.51327996715934 0.83146961230255 -0.92387953251129 0.38268343236509 0 0.31818964514321 0.76817775671142 -0.5555702330196 
3.401886537845e-17 0.5555702330196 0.83146961230255 0.83333333333333 0.1875 3.401886537845e-17 0.5555702330196 0.83146961230255 -1 6.1232339957368e-17 0 5.091282996473e-17 0.83146961230255 -0.5555702330196 
-0.21260752369181 0.51327996715934 0.83146961230255 0.79166666666667 0.1875 -0.21260752369181 0.51327996715934 0.83146961230255 -0.92387953251129 -0.38268343236509 0 -0.31818964514321 0.76817775671142 -0.5555702330196 
-0.39284747919355 0.39284747919355 0.83146961230255 0.75 0.1875 -0.39284747919355 0.39284747919355 0.83146961230255 -0.70710678118655 -0.70710678118655 0 -0.58793780120968 0.58793780120968 -0.5555702330196 
-0.51327996715934 0.21260752369181 0.83146961230255 0.70833333333333 0.1875 -0.51327996715934 0.21260752369181 0.83146961230255 -0.38268343236509 -0.92387953251129 0 -0.76817775671142 0.31818964514321 -0.5555702330196 
-0.5555702330196 6.80377307569e-17 0.83146961230255 0.66666666666667 0.1875 -0.5555702330196 6.80377307569e-17 0.83146961230255 -1.2246467991474e-16 -1 0 -0.83146961230255 1.0182565992946e-16 -0.5555702330196 
-0.51327996715934 -0.21260752369181 0.83146961230255 0.625 0.1875 -0.51327996715934 -0.21260752369181 0.83146961230255 0.38268343236509 -0.92387953251129 0 -0.76817775671142 -0.31818964514321 -0.5555702330196 
-0.39284747919355 -0.39284747919355 0.83146961230255 0.58333333333333 0.1875 -0.39284747919355 -0.39284747919355 0.83146961230255 0.70710678118655 -0.70710678118655 0 -0.58793780120968 -0.58793780120968 -0.5555702330196 
-0.21260752369181 -0.51327996715934 0.83146961230255 0.54166666666667 0.1875 -0.21260752369181 -0.51327996715934 0.83146961230255 0.92387953251129 -0.38268343236509 0 -0.31818964514321 -0.76817775671142 -0.5555702330196 
-1.0205659613535e-16 -0.5555702330196 0.83146961230255 0.5 0.1875 -1.0205659613535e-16 -0.5555702330196 0.83146961230255 1 -1.836970198721e-16 0 -1.5273848989419e-16 -0.83146961230255 -0.5555702330196 
0.21260752369181 -0.51327996715934 0.83146961230255 0.45833333333333 0.1875 0.21260752369181 -0.51327996715934 0.83146961230255 0.92387953251129 0.38268343236509 0 0.31818964514321 -0.76817775671142 -0.5555702330196 
0.39284747919355 -0.39284747919355 0.83146961230255 0.41666666666667 0.1875 0.39284747919355 -0.39284747919355 0.83146961230255 0.70710678118655 0.70710678118655 0 0.58793780120968 -0.58793780120968 -0.5555702330196 
0.51327996715934 -0.21260752369181 0.83146961230255 0.375 0.1875 0.51327996715934 -0.21260752369181 0.83146961230255 0.38268343236509 0.92387953251129 0 0.76817775671142 -0.31818964514321 -0.5555702330196 
0.5555702330196 -1.360754615138e-16 0.83146961230255 0.33333333333333 0.1875 0.5555702330196 -1.360754615138e-16 0.83146961230255 2.4492935982947e-16 1 0 0.83146961230255 -2.0365131985892e-16 -0.5555702330196 
0.51327996715934 0.21260752369181 0.83146961230255 0.29166666666667 0.1875 0.51327996715934 0.21260752369181 0.83146961230255 -0.38268343236509 0.92387953251129 0 0.76817775671142 0.31818964514321 -0.5555702330196 
0.39284747919355 0.39284747919355 0.83146961230255 0.25 0.1875 0.39284747919355 0.39284747919355 0.83146961230255 -0.70710678118655 0.70710678118655 0 0.58793780120968 0.58793780120968 -0.5555702330196 
0.21260752369181 0.51327996715934 0.83146961230255 0.20833333333333 0.1875 0.21260752369181 0.51327996715934 0.83146961230255 -0.92387953251129 0.38268343236509 0 0.31818964514321 0.76817775671142 -0.5555702330196 
1.7009432689225e-16 0.5555702330196 0.83146961230255 0.16666666666667 0.1875 1.7009432689225e-16 0.5555702330196 0.83146961230255 -1 3.0616169978684e-16 0 2.5456414982365e-16 0.83146961230255 -0.5555702330196 
-0.21260752369181 0.51327996715934 0.83146961230255 0.125 0.1875 -0.21260752369181 0.51327996715934 0.83146961230255 -0.92387953251129 -0.38268343236509 0 -0.31818964514321 0.76817775671142 -0.5555702330196 
-0.39284747919355 0.39284747919355 0.83146961230255 0.083333333333333 0.1875 -0.39284747919355 0.39284747919355 0.83146961230255 -0.70710678118655 -0.70710678118655 0 -0.58793780120968 0.58793780120968 -0.5555702330196 
-0.51327996715934 0.21260752369181 0.83146961230255 0.041666666666667 0.1875 -0.51327996715934 0.21260752369181 0.83146961230255 -0.38268343236509 -0.92387953251129 0 -0.76817775671142 0.31818964514321 -0.5555702330196 
-0.5555702330196 2.041131922707e-16 0.83146961230255 0 0.1875 -0.5555702330196 2.041131922707e-16 0.83146961230255 -3.6739403974421e-16 -1 0 -0.83146961230255 3.0547697978838e-16 -0.5555702330196 
0.70710678118655 0 0.70710678118655 1 0.25 0.70710678118655 0 0.70710678118655 -0 1 0 0.70710678118655 0 -0.70710678118655 
0.65328148243819 0.2705980500731 0.70710678118655 0.95833333333333 0.25 0.65328148243819 0.2705980500731 0.70710678118655 -0.38268343236509 0.92387953251129 0 0.65328148243819 0.2705980500731 -0.70710678118655 
0.5 0.5 0.70710678118655 0.91666666666667 0.25 0.5 0.5 0.70710678118655 -0.70710678118655 0.70710678118655 0 0.5 0.5 -0.70710678118655 
0.2705980500731 0.65328148243819 0.70710678118655 0.875 0.25 0.2705980500731 0.65328148243819 0.70710678118655 -0.92387953251129 0.38268343236509 0 0.2705980500731 0.65328148243819 -0.70710678118655 
4.3297802811775e-17 0.70710678118655 0.70710678118655 0.83333333333333 0.25 4.3297802811775e-17 0.70710678118655 0.70710678118655 -1 6.1232339957368e-17 0 4.3297802811775e-17 0.70710678118655 -0.70710678118655 
-0.2705980500731 0.65328148243819 0.70710678118655 0.79166666666667 0.25 -0.2705980500731 0.65328148243819 0.70710678118655 -0.92387953251129 -0.38268343236509 0 -0.2705980500731 0.65328148243819 -0.70710678118655 
-0.5 0.5 0.70710678118655 0.75 0.25 -0.5 0.5 0.70710678118655 -0.70710678118655 -0.70710678118655 0 -0.5 0.5 -0.70710678118655 
-0.65328148243819 0.2705980500731 0.70710678118655 0.70833333333333 0.25 -0.65328148243819 0.2705980500731 0.70710678118655 -0.38268343236509 -0.92387953251129 0 -0.65328148243819 0.2705980500731 -0.70710678118655 
-0.70710678118655 8.6595605623549e-17 0.70710678118655 0.66666666666667 0.25 -0.70710678118655 8.6595605623549e-17 0.70710678118655 -1.2246467991474e-16 -1 0 -0.70710678118655 8.6595605623549e-17 -0.70710678118655 
-0.65328148243819 -0.2705980500731 0.70710678118655 0.625 0.25 -0.65328148243819 -0.2705980500731 0.70710678118655 0.38268343236509 -0.92387953251129 0 -0.65328148243819 -0.2705980500731 -0.70710678118655 
-0.5 -0.5 0.70710678118655 0.58333333333333 0.25 -0.5 -0.5 0.70710678118655 0.70710678118655 -0.70710678118655 0 -0.5 -0.5 -0.70710678118655 
-0.2705980500731 -0.65328148243819 0.70710678118655 0.54166666666667 0.25 -0.2705980500731 -0.65328148243819 0.70710678118655 0.92387953251129 -0.38268343236509 0 -0.2705980500731 -0.65328148243819 -0.70710678118655 
-1.2989340843532e-16 -0.70710678118655 0.70710678118655 0.5 0.25 -1.2989340843532e-16 -0.70710678118655 0.70710678118655 1 -1.836970198721e-16 0 -1.2989340843532e-16 -0.70710678118655 -0.70710678118655 
0.2705980500731 -0.65328148243819 0.70710678118655 0.45833333333333 0.25 0.2705980500731 -0.65328148243819 0.70710678118655 0.92387953251129 0.38268343236509 0 0.2705980500731 -0.65328148243819 -0.70710678118655 
0.5 -0.5 0.70710678118655 0.41666666666667 0.25 0.5 -0.5 0.70710678118655 0.70710678118655 0.70710678118655 0 0.5 -0.5 -0.70710678118655 
0.65328148243819 -0.2705980500731 0.70710678118655 0.375 0.25 0.65328148243819 -0.2705980500731 0.70710678118655 0.38268343236509 0.92387953251129 0 0.65328148243819 -0.2705980500731 -0.70710678118655 
0.70710678118655 -1.731912112471e-16 0.70710678118655 0.33333333333333 0.25 0.70710678118655 -1.731912112471e-16 0.70710678118655 2.4492935982947e-16 1 0 0.70710678118655 -1.731912112471e-16 -0.70710678118655 
0.65328148243819 0.2705980500731 0.70710678118655 0.29166666666667 0.25 0.65328148243819 0.2705980500731 0.70710678118655 -0.38268343236509 0.92387953251129 0 0.65328148243819 0.2705980500731 -0.70710678118655 
0.5 0.5 0.70710678118655 0.25 0.25 0.5 0.5 0.70710678118655 -0.70710678118655 0.70710678118655 0 0.5 0.5 -0.70710678118655 
0.2705980500731 0.65328148243819 0.70710678118655 0.20833333333333 0.25 0.2705980500731 0.65328148243819 0.70710678118655 -0.92387953251129 0.38268343236509 0 0.2705980500731 0.65328148243819 -0.70710678118655 
2.1648901405887e-16 0.70710678118655 0.70710678118655 0.16666666666667 0.25 2.1648901405887e-16 0.70710678118655 0.70710678118655 -1 3.0616169978684e-16 0 2.1648901405887e-16 0.70710678118655 -0.70710678118655 
-0.2705980500731 0.65328148243819 0.70710678118655 0.125 0.25 -0.2705980500731 0.65328148243819 0.70710678118655 -0.92387953251129 -0.38268343236509 0 -0.2705980500731 0.65328148243819 -0.70710678118655 
-0.5 0.5 0.70710678118655 0.083333333333333 0.25 -0.5 0.5 0.70710678118655 -0.70710678118655 -0.70710678118655 0 -0.5 0.5 -0.70710678118655 
-0.65328148243819 0.2705980500731 0.70710678118655 0.041666666666667 0.25 -0.65328148243819 0.2705980500731 0.70710678118655 -0.38268343236509 -0.92387953251129 0 -0.65328148243819 0.2705980500731 -0.70710678118655 
-0.70710678118655 2.5978681687065e-16 0.70710678118655 0 0.25 -0.70710678118655 2.5978681687065e-16 0.70710678118655 -3.6739403974421e-16 -1 0 -0.70710678118655 2.5978681687065e-16 -0.70710678118655 
0.83146961230255 0 0.5555702330196 1 0.3125 0.83146961230255 0 0.5555702330196 -0 1 0 0.5555702330196 0 -0.83146961230255 
0.76817775671142 0.31818964514321 0.5555702330196 0.95833333333333 0.3125 0.76817775671142 0.31818964514321 0.5555702330196 -0.38268343236509 0.92387953251129 0 0.51327996715934 0.21260752369181 -0.83146961230255 
0.58793780120968 0.58793780120968 0.5555702330196 0.91666666666667 0.3125 0.58793780120968 0.58793780120968 0.5555702330196 -0.70710678118655 0.70710678118655 0 0.39284747919355 0.39284747919355 -0.83146961230255 
0.31818964514321 0.76817775671142 0.5555702330196 0.875 0.3125 0.31818964514321 0.76817775671142 0.5555702330196 -0.92387953251129 0.38268343236509 0 0.21260752369181 0.51327996715934 -0.83146961230255 
5.091282996473e-17 0.83146961230255 0.5555702330196 0.83333333333333 0.3125 5.091282996473e-17 0.83146961230255 0.5555702330196 -1 6.1232339957368e-17 0 3.401886537845e-17 0.5555702330196 -0.83146961230255 
-0.31818964514321 0.76817775671142 0.5555702330196 0.79166666666667 0.3125 -0.31818964514321 0.76817775671142 0.5555702330196 -0.92387953251129 -0.38268343236509 0 -0.21260752369181 0.51327996715934 -0.83146961230255 
-0.58793780120968 0.58793780120968 0.5555702330196 0.75 0.3125 -0.58793780120968 0.58793780120968 0.5555702330196 -0.70710678118655 -0.70710678118655 0 -0.39284747919355 0.39284747919355 -0.83146961230255 
-0.76817775671142 0.31818964514321 0.5555702330196 0.70833333333333 0.3125 -0.76817775671142 0.31818964514321 0.5555702330196 -0.38268343236509 -0.92387953251129 0 -0.51327996715934 0.21260752369181 -0.83146961230255 
-0.83146961230255 1.0182565992946e-16 0.5555702330196 0.66666666666667 0.3125 -0.83146961230255 1.0182565992946e-16 0.5555702330196 -1.2246467991474e-16 -1 0 -0.5555702330196 6.8037730756901e-17 -0.83146961230255 
-0.76817775671142 -0.31818964514321 0.5555702330196 0.625 0.3125 -0.76817775671142 -0.31818964514321 0.5555702330196 0.38268343236509 -0.92387953251129 0 -0.51327996715934 -0.21260752369181 -0.83146961230255 
-0.58793780120968 -0.58793780120968 0.5555702330196 0.58333333333333 0.3125 -0.58793780120968 -0.58793780120968 0.5555702330196 0.70710678118655 -0.70710678118655 0 -0.39284747919355 -0.39284747919355 -0.83146961230255 
-0.31818964514321 -0.76817775671142 0.5555702330196 0.54166666666667 0.3125 -0.31818964514321 -0.76817775671142 0.5555702330196 0.92387953251129 -0.38268343236509 0 -0.21260752369181 -0.51327996715934 -0.83146961230255 
-1.5273848989419e-16 -0.83146961230255 0.5555702330196 0.5 0.3125 -1.5273848989419e-16 -0.83146961230255 0.5555702330196 1 -1.836970198721e-16 0 -1.0205659613535e-16 -0.5555702330196 -0.83146961230255 
0.31818964514321 -0.76817775671142 0.5555702330196 0.45833333333333 0.3125 0.31818964514321 -0.76817775671142 0.5555702330196 0.92387953251129 0.38268343236509 0 0.21260752369181 -0.51327996715934 -0.83146961230255 
0.58793780120968 -0.58793780120968 0.5555702330196 0.41666666666667 0.3125 0.58793780120968 -0.58793780120968 0.5555702330196 0.70710678118655 0.70710678118655 0 0.39284747919355 -0.39284747919355 -0.83146961230255 
0.76817775671142 -0.31818964514321 0.5555702330196 0.375 0.3125 0.76817775671142 -0.31818964514321 0.5555702330196 0.38268343236509 0.92387953251129 0 0.51327996715934 -0.21260752369181 -0.83146961230255 
0.83146961230255 -2.0365131985892e-16 0.5555702330196 0.33333333333333 0.3125 0.83146961230255 -2.0365131985892e-16 0.5555702330196 2.4492935982947e-16 1 0 0.5555702330196 -1.360754615138e-16 -0.83146961230255 
0.76817775671142 0.31818964514321 0.5555702330196 0.29166666666667 0.3125 0.76817775671142 0.31818964514321 0.5555702330196 -0.38268343236509 0.92387953251129 0 0.51327996715934 0.21260752369181 -0.83146961230255 
0.58793780120968 0.58793780120968 0.5555702330196 0.25 0.3125 0.58793780120968 0.58793780120968 0.5555702330196 -0.70710678118655 0.70710678118655 0 0.39284747919355 0.39284747919355 -0.83146961230255 
0.31818964514321 0.76817775671142 0.5555702330196 0.20833333333333 0.3125 0.31818964514321 0.76817775671142 0.5555702330196 -0.92387953251129 0.38268343236509 0 0.21260752369181 0.51327996715934 -0.83146961230255 
2.5456414982365e-16 0.83146961230255 0.5555702330196 0.16666666666667 0.3125 2.5456414982365e-16 0.83146961230255 0.5555702330196 -1 3.0616169978684e-16 0 1.7009432689225e-16 0.5555702330196 -0.83146961230255 
-0.31818964514321 0.76817775671142 0.5555702330196 0.125 0.3125 -0.31818964514321 0.76817775671142 0.5555702330196 -0.92387953251129 -0.38268343236509 0 -0.21260752369181 0.51327996715934 -0.83146961230255 
-0.58793780120968 0.58793780120968 0.5555702330196 0.083333333333333 0.3125 -0.58793780120968 0.58793780120968 0.5555702330196 -0.70710678118655 -0.70710678118655 0 -0.39284747919355 0.39284747919355 -0.83146961230255 
-0.76817775671142 0.31818964514321 0.5555702330196 0.041666666666667 0.3125 -0.76817775671142 0.31818964514321 0.5555702330196 -0.38268343236509 -0.92387953251129 0 -0.51327996715934 0.21260752369181 -0.83146961230255 
-0.83146961230255 3.0547697978838e-16 0.5555702330196 0 0.3125 -0.83146961230255 3.0547697978838e-16 0.5555702330196 -3.6739403974421e-16 -1 0 -0.5555702330196 2.041131922707e-16 -0.83146961230255 
0.92387953251129 0 0.38268343236509 1 0.375 0.92387953251129 0 0.38268343236509 -0 1 0 0.38268343236509 0 -0.92387953251129 
0.85355339059327 0.35355339059327 0.38268343236509 0.95833333333333 0.375 0.85355339059327 0.35355339059327 0.38268343236509 -0.38268343236509 0.92387953251129 0 0.35355339059327 0.14644660940673 -0.92387953251129 
0.65328148243819 0.65328148243819 0.38268343236509 0.91666666666667 0.375 0.65328148243819 0.65328148243819 0.38268343236509 -0.70710678118655 0.70710678118655 0 0.2705980500731 0.2705980500731 -0.92387953251129 
0.35355339059327 0.85355339059327 0.38268343236509 0.875 0.375 0.35355339059327 0.85355339059327 0.38268343236509 -0.92387953251129 0.38268343236509 0 0.14644660940673 0.35355339059327 -0.92387953251129 
5.6571305614385e-17 0.92387953251129 0.38268343236509 0.83333333333333 0.375 5.6571305614385e-17 0.92387953251129 0.38268343236509 -1 6.1232339957368e-17 0 2.3432602026631e-17 0.38268343236509 -0.92387953251129 
-0.35355339059327 0.85355339059327 0.38268343236509 0.79166666666667 0.375 -0.35355339059327 0.85355339059327 0.38268343236509 -0.92387953251129 -0.38268343236509 0 -0.14644660940673 0.35355339059327 -0.92387953251129 
-0.65328148243819 0.65328148243819 0.38268343236509 0.75 0.375 -0.65328148243819 0.65328148243819 0.38268343236509 -0.70710678118655 -0.70710678118655 0 -0.2705980500731 0.2705980500731 -0.92387953251129 
-0.85355339059327 0.35355339059327 0.38268343236509 0.70833333333333 0.375 -0.85355339059327 0.35355339059327 0.38268343236509 -0.38268343236509 -0.92387953251129 0 -0.35355339059327 0.14644660940673 -0.92387953251129 
-0.92387953251129 1.1314261122877e-16 0.38268343236509 0.66666666666667 0.375 -0.92387953251129 1.1314261122877e-16 0.38268343236509 -1.2246467991474e-16 -1 0 -0.38268343236509 4.6865204053263e-17 -0.92387953251129 
-0.85355339059327 -0.35355339059327 0.38268343236509 0.625 0.375 -0.85355339059327 -0.35355339059327 0.38268343236509 0.38268343236509 -0.92387953251129 0 -0.35355339059327 -0.14644660940673 -0.92387953251129 
-0.65328148243819 -0.65328148243819 0.38268343236509 0.58333333333333 0.375 -0.65328148243819 -0.65328148243819 0.38268343236509 0.70710678118655 -0.70710678118655 0 -0.2705980500731 -0.2705980500731 -0.92387953251129 
-0.35355339059327 -0.85355339059327 0.38268343236509 0.54166666666667 0.375 -0.35355339059327 -0.85355339059327 0.38268343236509 0.92387953251129 -0.38268343236509 0 -0.14644660940673 -0.35355339059327 -0.92387953251129 
-1.6971391684316e-16 -0.92387953251129 0.38268343236509 0.5 0.375 -1.6971391684316e-16 -0.92387953251129 0.38268343236509 1 -1.836970198721e-16 0 -7.0297806079894e-17 -0.38268343236509 -0.92387953251129 
0.35355339059327 -0.85355339059327 0.38268343236509 0.45833333333333 0.375 0.35355339059327 -0.85355339059327 0.38268343236509 0.92387953251129 0.38268343236509 0 0.14644660940673 -0.35355339059327 -0.92387953251129 
0.65328148243819 -0.65328148243819 0.38268343236509 0.41666666666667 0.375 0.65328148243819 -0.65328148243819 0.38268343236509 0.70710678118655 0.70710678118655 0 0.2705980500731 -0.2705980500731 -0.92387953251129 
0.85355339059327 -0.35355339059327 0.38268343236509 0.375 0.375 0.85355339059327 -0.35355339059327 0.38268343236509 0.38268343236509 0.92387953251129 0 0.35355339059327 -0.14644660940673 -0.92387953251129 
0.92387953251129 -2.2628522245754e-16 0.38268343236509 0.33333333333333 0.375 0.92387953251129 -2.2628522245754e-16 0.38268343236509 2.4492935982947e-16 1 0 0.38268343236509 -9.3730408106526e-17 -0.92387953251129 
0.85355339059327 0.35355339059327 0.38268343236509 0.29166666666667 0.375 0.85355339059327 0.35355339059327 0.38268343236509 -0.38268343236509 0.92387953251129 0 0.35355339059327 0.14644660940673 -0.92387953251129 
0.65328148243819 0.65328148243819 0.38268343236509 0.25 0.375 0.65328148243819 0.65328148243819 0.38268343236509 -0.70710678118655 0.70710678118655 0 0.2705980500731 0.2705980500731 -0.92387953251129 
0.35355339059327 0.85355339059327 0.38268343236509 0.20833333333333 0.375 0.35355339059327 0.85355339059327 0.38268343236509 -0.92387953251129 0.38268343236509 0 0.14644660940673 0.35355339059327 -0.92387953251129 
2.8285652807193e-16 0.92387953251129 0.38268343236509 0.16666666666667 0.375 2.8285652807193e-16 0.92387953251129 0.38268343236509 -1 3.0616169978684e-16 0 1.1716301013316e-16 0.38268343236509 -0.92387953251129 
-0.35355339059327 0.85355339059327 0.38268343236509 0.125 0.375 -0.35355339059327 0.85355339059327 0.38268343236509 -0.92387953251129 -0.38268343236509 0 -0.14644660940673 0.35355339059327 -0.92387953251129 
-0.65328148243819 0.65328148243819 0.38268343236509 0.083333333333333 0.375 -0.65328148243819 0.65328148243819 0.38268343236509 -0.70710678118655 -0.70710678118655 0 -0.2705980500731 0.2705980500731 -0.92387953251129 
-0.85355339059327 0.35355339059327 0.38268343236509 0.041666666666667 0.375 -0.85355339059327 0.35355339059327 0.38268343236509 -0.38268343236509 -0.92387953251129 0 -0.35355339059327 0.14644660940673 -0.92387953251129 
-0.92387953251129 3.3942783368631e-16 0.38268343236509 0 0.375 -0.92387953251129 3.3942783368631e-16 0.38268343236509 -3.6739403974421e-16 -1 0 -0.38268343236509 1.4059561215979e-16 -0.92387953251129 
0.98078528040323 0 0.19509032201613 1 0.4375 0.98078528040323 0 0.19509032201613 -0 1 0 0.19509032201613 0 -0.98078528040323 
0.90612744635289 0.37533027751787 0.19509032201613 0.95833333333333 0.4375 0.90612744635289 0.37533027751787 0.19509032201613 -0.38268343236509 0.92387953251129 0 0.18023995550174 0.074657834050343 -0.98078528040323 
0.69351992266107 0.69351992266107 0.19509032201613 0.91666666666667 0.4375 0.69351992266107 0.69351992266107 0.19509032201613 -0.70710678118655 0.70710678118655 0 0.13794968964147 0.13794968964147 -0.98078528040323 
0.37533027751787 0.90612744635289 0.19509032201613 0.875 0.4375 0.37533027751787 0.90612744635289 0.19509032201613 -0.92387953251129 0.38268343236509 0 0.074657834050343 0.18023995550174 -0.98078528040323 
6.0055777714833e-17 0.98078528040323 0.19509032201613 0.83333333333333 0.4375 6.0055777714833e-17 0.98078528040323 0.19509032201613 -1 6.1232339957368e-17 0 1.1945836920084e-17 0.19509032201613 -0.98078528040323 
-0.37533027751787 0.90612744635289 0.19509032201613 0.79166666666667 0.4375 -0.37533027751787 0.90612744635289 0.19509032201613 -0.92387953251129 -0.38268343236509 0 -0.074657834050343 0.18023995550174 -0.98078528040323 
-0.69351992266107 0.69351992266107 0.19509032201613 0.75 0.4375 -0.69351992266107 0.69351992266107 0.19509032201613 -0.70710678118655 -0.70710678118655 0 -0.13794968964147 0.13794968964147 -0.98078528040323 
-0.90612744635289 0.37533027751787 0.19509032201613 0.70833333333333 0.4375 -0.90612744635289 0.37533027751787 0.19509032201613 -0.38268343236509 -0.92387953251129 0 -0.18023995550174 0.074657834050343 -0.98078528040323 
-0.98078528040323 1.2011155542967e-16 0.19509032201613 0.66666666666667 0.4375 -0.98078528040323 1.2011155542967e-16 0.19509032201613 -1.2246467991474e-16 -1 0 -0.19509032201613 2.3891673840168e-17 -0.98078528040323 
-0.90612744635289 -0.37533027751787 0.19509032201613 0.625 0.4375 -0.90612744635289 -0.37533027751787 0.19509032201613 0.38268343236509 -0.92387953251129 0 -0.18023995550174 -0.074657834050343 -0.98078528040323 
-0.69351992266107 -0.69351992266107 0.19509032201613 0.58333333333333 0.4375 -0.69351992266107 -0.69351992266107 0.19509032201613 0.70710678118655 -0.70710678118655 0 -0.13794968964147 -0.13794968964147 -0.98078528040323 
-0.37533027751786 -0.90612744635289 0.19509032201613 0.54166666666667 0.4375 -0.37533027751786 -0.90612744635289 0.19509032201613 0.92387953251129 -0.38268343236509 0 -0.074657834050343 -0.18023995550174 -0.98078528040323 
-1.801673331445e-16 -0.98078528040323 0.19509032201613 0.5 0.4375 -1.801673331445e-16 -0.98078528040323 0.19509032201613 1 -1.836970198721e-16 0 -3.5837510760252e-17 -0.19509032201613 -0.98078528040323 
0.37533027751787 -0.90612744635289 0.19509032201613 0.45833333333333 0.4375 0.37533027751787 -0.90612744635289 0.19509032201613 0.92387953251129 0.38268343236509 0 0.074657834050343 -0.18023995550174 -0.98078528040323 
0.69351992266107 -0.69351992266107 0.19509032201613 0.41666666666667 0.4375 0.69351992266107 -0.69351992266107 0.19509032201613 0.70710678118655 0.70710678118655 0 0.13794968964147 -0.13794968964147 -0.98078528040323 
0.90612744635289 -0.37533027751787 0.19509032201613 0.375 0.4375 0.90612744635289 -0.37533027751787 0.19509032201613 0.38268343236509 0.92387953251129 0 0.18023995550174 -0.074657834050343 -0.98078528040323 
0.98078528040323 -2.4022311085933e-16 0.19509032201613 0.33333333333333 0.4375 0.98078528040323 -2.4022311085933e-16 0.19509032201613 2.4492935982947e-16 1 0 0.19509032201613 -4.7783347680336e-17 -0.98078528040323 
0.90612744635289 0.37533027751787 0.19509032201613 0.29166666666667 0.4375 0.90612744635289 0.37533027751787 0.19509032201613 -0.38268343236509 0.92387953251129 0 0.18023995550174 0.074657834050343 -0.98078528040323 
0.69351992266107 0.69351992266107 0.19509032201613 0.25 0.4375 0.69351992266107 0.69351992266107 0.19509032201613 -0.70710678118655 0.70710678118655 0 0.13794968964147 0.13794968964147 -0.98078528040323 
0.37533027751787 0.90612744635289 0.19509032201613 0.20833333333333 0.4375 0.37533027751787 0.90612744635289 0.19509032201613 -0.92387953251129 0.38268343236509 0 0.074657834050343 0.18023995550174 -0.98078528040323 
3.0027888857416e-16 0.98078528040323 0.19509032201613 0.16666666666667 0.4375 3.0027888857416e-16 0.98078528040323 0.19509032201613 -1 3.0616169978684e-16 0 5.9729184600419e-17 0.19509032201613 -0.98078528040323 
-0.37533027751787 0.90612744635289 0.19509032201613 0.125 0.4375 -0.37533027751787 0.90612744635289 0.19509032201613 -0.92387953251129 -0.38268343236509 0 -0.074657834050343 0.18023995550174 -0.98078528040323 
-0.69351992266107 0.69351992266107 0.19509032201613 0.083333333333333 0.4375 -0.69351992266107 0.69351992266107 0.19509032201613 -0.70710678118655 -0.70710678118655 0 -0.13794968964147 0.13794968964147 -0.98078528040323 
-0.90612744635289 0.37533027751787 0.19509032201613 0.041666666666667 0.4375 -0.90612744635289 0.37533027751787 0.19509032201613 -0.38268343236509 -0.92387953251129 0 -0.18023995550174 0.074657834050343 -0.98078528040323 
-0.98078528040323 3.60334666289e-16 0.19509032201613 0 0.4375 -0.98078528040323 3.60334666289e-16 0.19509032201613 -3.6739403974421e-16 -1 0 -0.19509032201613 7.1675021520503e-17 -0.98078528040323 
1 0 6.1232339957368e-17 1 0.5 1 0 6.1232339957368e-17 -0 1 0 6.1232339957368e-17 0 -1 
0.92387953251129 0.38268343236509 6.1232339957368e-17 0.95833333333333 0.5 0.92387953251129 0.38268343236509 6.1232339957368e-17 -0.38268343236509 0.92387953251129 0 5.6571305614385e-17 2.3432602026631e-17 -1 
0.70710678118655 0.70710678118655 6.1232339957368e-17 0.91666666666667 0.5 0.70710678118655 0.70710678118655 6.1232339957368e-17 -0.70710678118655 0.70710678118655 0 4.3297802811775e-17 4.3297802811775e-17 -1 
0.38268343236509 0.92387953251129 6.1232339957368e-17 0.875 0.5 0.38268343236509 0.92387953251129 6.1232339957368e-17 -0.92387953251129 0.38268343236509 0 2.3432602026631e-17 5.6571305614385e-17 -1 
6.1232339957368e-17 1 6.1232339957368e-17 0.83333333333333 0.5 6.1232339957368e-17 1 6.1232339957368e-17 -1 6.1232339957368e-17 0 3.7493994566546e-33 6.1232339957368e-17 -1 
-0.38268343236509 0.92387953251129 6.1232339957368e-17 0.79166666666667 0.5 -0.38268343236509 0.92387953251129 6.1232339957368e-17 -0.92387953251129 -0.38268343236509 0 -2.3432602026631e-17 5.6571305614385e-17 -1 
