ply
format ascii 1.0
obj_info texture earth_land.jpg
element material 1
property uchar diffuse_red
property uchar diffuse_green
property uchar diffuse_blue
property uint diffuse_texture
property uint face_offset
property uint face_count
element vertex 4225
property float x
property float y
property float z
property float s
property float t
property float nx
property float ny
property float nz
property float tx
property float ty
property float tz
property float bx
property float by
property float bz
element face 8192
property list uchar int vertex_indices
end_header
255 255 255
0 0
8192
0 0 1 1 0 0 0 1 -0 1 0 1 0 -0 
0 0 1 0.984375 0 0 0 1 -0.098017140329561 0.9951847266722 0 0.9951847266722 0.098017140329561 -0 
0 0 1 0.96875 0 0 0 1 -0.19509032201613 0.98078528040323 0 0.98078528040323 0.19509032201613 -0 
0 0 1 0.953125 0 0 0 1 -0.29028467725446 0.95694033573221 0 0.95694033573221 0.29028467725446 -0 
0 0 1 0.9375 0 0 0 1 -0.38268343236509 0.92387953251129 0 0.92387953251129 0.38268343236509 -0 
0 0 1 0.921875 0 0 0 1 -0.471396736826 0.88192126434836 0 0.88192126434836 0.471396736826 -0 
0 0 1 0.90625 0 0 0 1 -0.5555702330196 0.83146961230255 0 0.83146961230255 0.5555702330196 -0 
0 0 1 0.890625 0 0 0 1 -0.63439328416365 0.77301045336274 0 0.77301045336274 0.63439328416365 -0 
0 0 1 0.875 0 0 0 1 -0.70710678118655 0.70710678118655 0 0.70710678118655 0.70710678118655 -0 
0 0 1 0.859375 0 0 0 1 -0.77301045336274 0.63439328416365 0 0.63439328416365 0.77301045336274 -0 
0 0 1 0.84375 0 0 0 1 -0.83146961230255 0.5555702330196 0 0.5555702330196 0.83146961230255 -0 
0 0 1 0.828125 0 0 0 1 -0.88192126434836 0.471396736826 0 0.471396736826 0.88192126434836 -0 
0 0 1 0.8125 0 0 0 1 -0.92387953251129 0.38268343236509 0 0.38268343236509 0.92387953251129 -0 
0 0 1 0.796875 0 0 0 1 -0.95694033573221 0.29028467725446 0 0.29028467725446 0.95694033573221 -0 
0 0 1 0.78125 0 0 0 1 -0.98078528040323 0.19509032201613 0 0.19509032201613 0.98078528040323 -0 
0 0 1 0.765625 0 0 0 1 -0.9951847266722 0.098017140329561 0 0.098017140329561 0.9951847266722 -0 
0 0 1 0.75 0 0 0 1 -1 6.1232339957368e-17 0 6.1232339957368e-17 1 -0 
-0 0 1 0.734375 0 -0 0 1 -0.9951847266722 -0.098017140329561 0 -0.098017140329561 0.9951847266722 -0 
-0 0 1 0.71875 0 -0 0 1 -0.98078528040323 -0.19509032201613 0 -0.19509032201613 0.98078528040323 -0 
-0 0 1 0.703125 0 -0 0 1 -0.95694033573221 -0.29028467725446 0 -0.29028467725446 0.95694033573221 -0 
-0 0 1 0.6875 0 -0 0 1 -0.92387953251129 -0.38268343236509 0 -0.38268343236509 0.92387953251129 -0 
-0 0 1 0.671875 0 -0 0 1 -0.88192126434836 -0.471396736826 0 -0.471396736826 0.88192126434836 -0 
-0 0 1 0.65625 0 -0 0 1 -0.83146961230255 -0.5555702330196 0 -0.5555702330196 0.83146961230255 -0 
-0 0 1 0.640625 0 -0 0 1 -0.77301045336274 -0.63439328416365 0 -0.63439328416365 0.77301045336274 -0 
-0 0 1 0.625 0 -0 0 1 -0.70710678118655 -0.70710678118655 0 -0.70710678118655 0.70710678118655 -0 
-0 0 1 0.609375 0 -0 0 1 -0.63439328416365 -0.77301045336274 0 -0.77301045336274 0.63439328416365 -0 
-0 0 1 0.59375 0 -0 0 1 -0.5555702330196 -0.83146961230255 0 -0.83146961230255 0.5555702330196 -0 
-0 0 1 0.578125 0 -0 0 1 -0.471396736826 -0.88192126434835 0 -0.88192126434835 0.471396736826 -0 
-0 0 1 0.5625 0 -0 0 1 -0.38268343236509 -0.92387953251129 0 -0.92387953251129 0.38268343236509 -0 
-0 0 1 0.546875 0 -0 0 1 -0.29028467725446 -0.95694033573221 0 -0.95694033573221 0.29028467725446 -0 
-0 0 1 0.53125 0 -0 0 1 -0.19509032201613 -0.98078528040323 0 -0.98078528040323 0.19509032201613 -0 
-0 0 1 0.515625 0 -0 0 1 -0.098017140329561 -0.9951847266722 0 -0.9951847266722 0.098017140329561 -0 
-0 0 1 0.5 0 -0 0 1 -1.2246467991474e-16 -1 0 -1 1.2246467991474e-16 -0 
-0 -0 1 0.484375 0 -0 -0 1 0.098017140329561 -0.9951847266722 0 -0.9951847266722 -0.098017140329561 -0 
-0 -0 1 0.46875 0 -0 -0 1 0.19509032201613 -0.98078528040323 0 -0.98078528040323 -0.19509032201613 -0 
-0 -0 1 0.453125 0 -0 -0 1 0.29028467725446 -0.95694033573221 0 -0.95694033573221 -0.29028467725446 -0 
-0 -0 1 0.4375 0 -0 -0 1 0.38268343236509 -0.92387953251129 0 -0.92387953251129 -0.38268343236509 -0 
-0 -0 1 0.421875 0 -0 -0 1 0.471396736826 -0.88192126434836 0 -0.88192126434836 -0.471396736826 -0 
-0 -0 1 0.40625 0 -0 -0 1 0.5555702330196 -0.83146961230255 0 -0.83146961230255 -0.5555702330196 -0 
-0 -0 1 0.390625 0 -0 -0 1 0.63439328416365 -0.77301045336274 0 -0.77301045336274 -0.63439328416365 -0 
-0 -0 1 0.375 0 -0 -0 1 0.70710678118655 -0.70710678118655 0 -0.70710678118655 -0.70710678118655 -0 
-0 -0 1 0.359375 0 -0 -0 1 0.77301045336274 -0.63439328416365 0 -0.63439328416365 -0.77301045336274 -0 
-0 -0 1 0.34375 0 -0 -0 1 0.83146961230255 -0.5555702330196 0 -0.5555702330196 -0.83146961230255 -0 
-0 -0 1 0.328125 0 -0 -0 1 0.88192126434835 -0.471396736826 0 -0.471396736826 -0.88192126434835 -0 
-0 -0 1 0.3125 0 -0 -0 1 0.92387953251129 -0.38268343236509 0 -0.38268343236509 -0.92387953251129 -0 
-0 -0 1 0.296875 0 -0 -0 1 0.95694033573221 -0.29028467725446 0 -0.29028467725446 -0.95694033573221 -0 
-0 -0 1 0.28125 0 -0 -0 1 0.98078528040323 -0.19509032201613 0 -0.19509032201613 -0.98078528040323 -0 
-0 -0 1 0.265625 0 -0 -0 1 0.9951847266722 -0.09801714032956 0 -0.09801714032956 -0.9951847266722 -0 
-0 -0 1 0.25 0 -0 -0 1 1 -1.836970198721e-16 0 -1.836970198721e-16 -1 -0 
0 -0 1 0.234375 0 0 -0 1 0.9951847266722 0.09801714032956 0 0.09801714032956 -0.9951847266722 -0 
0 -0 1 0.21875 0 0 -0 1 0.98078528040323 0.19509032201613 0 0.19509032201613 -0.98078528040323 -0 
0 -0 1 0.203125 0 0 -0 1 0.95694033573221 0.29028467725446 0 0.29028467725446 -0.95694033573221 -0 
0 -0 1 0.1875 0 0 -0 1 0.92387953251129 0.38268343236509 0 0.38268343236509 -0.92387953251129 -0 
0 -0 1 0.171875 0 0 -0 1 0.88192126434836 0.471396736826 0 0.471396736826 -0.88192126434836 -0 
0 -0 1 0.15625 0 0 -0 1 0.83146961230255 0.5555702330196 0 0.5555702330196 -0.83146961230255 -0 
0 -0 1 0.140625 0 0 -0 1 0.77301045336274 0.63439328416365 0 0.63439328416365 -0.77301045336274 -0 
0 -0 1 0.125 0 0 -0 1 0.70710678118655 0.70710678118655 0 0.70710678118655 -0.70710678118655 -0 
0 -0 1 0.109375 0 0 -0 1 0.63439328416365 0.77301045336274 0 0.77301045336274 -0.63439328416365 -0 
0 -0 1 0.09375 0 0 -0 1 0.5555702330196 0.83146961230255 0 0.83146961230255 -0.5555702330196 -0 
0 -0 1 0.078125 0 0 -0 1 0.471396736826 0.88192126434835 0 0.88192126434835 -0.471396736826 -0 
0 -0 1 0.0625 0 0 -0 1 0.38268343236509 0.92387953251129 0 0.92387953251129 -0.38268343236509 -0 
0 -0 1 0.046875 0 0 -0 1 0.29028467725446 0.95694033573221 0 0.95694033573221 -0.29028467725446 -0 
0 -0 1 0.03125 0 0 -0 1 0.19509032201613 0.98078528040323 0 0.98078528040323 -0.19509032201613 -0 
0 -0 1 0.015625 0 0 -0 1 0.098017140329561 0.9951847266722 0 0.9951847266722 -0.098017140329561 -0 
0 -0 1 0 0 0 -0 1 2.4492935982947e-16 1 0 1 -2.4492935982947e-16 -0 
0.049067674327418 0 0.99879545620517 1 0.015625 0.049067674327418 0 0.99879545620517 -0 1 0 0.99879545620517 0 -0.049067674327418 
0.048831400063972 0.0048094731201957 0.99879545620517 0.984375 0.015625 0.048831400063972 0.0048094731201957 0.99879545620517 -0.098017140329561 0.9951847266722 0 0.99398598308498 0.09789907439139 -0.049067674327418 
0.048124852723951 0.0095726283851185 0.99879545620517 0.96875 0.015625 0.048124852723951 0.0095726283851185 0.99879545620517 -0.19509032201613 0.98078528040323 0 0.97960388157966 0.19485532717931 -0.049067674327418 
0.046954836744478 0.014243594005762 0.99879545620517 0.953125 0.015625 0.046954836744478 0.014243594005762 0.99879545620517 -0.29028467725446 0.95694033573221 0 0.95578765918878 0.28993501664774 -0.049067674327418 
0.045332620019031 0.018777386029789 0.99879545620517 0.9375 0.015625 0.045332620019031 0.018777386029789 0.99879545620517 -0.38268343236509 0.92387953251129 0 0.92276667915323 0.38222247341125 -0.049067674327418 
0.04327382538147 0.023130341561586 0.99879545620517 0.921875 0.015625 0.04327382538147 0.023130341561586 0.99879545620517 -0.471396736826 0.88192126434836 0 0.88085895156186 0.47082891881175 -0.049067674327418 
0.040798280149606 0.027260539259814 0.99879545620517 0.90625 0.015625 0.040798280149606 0.027260539259814 0.99879545620517 -0.5555702330196 0.83146961230255 0 0.83046807074046 0.55490102434283 -0.049067674327418 
0.037929825177293 0.031128203062843 0.99879545620517 0.890625 0.015625 0.037929825177293 0.031128203062843 0.99879545620517 -0.63439328416365 0.77301045336274 0 0.7720793284178 0.63362912966973 -0.049067674327418 
0.03469608525397 0.03469608525397 0.99879545620517 0.875 0.015625 0.03469608525397 0.03469608525397 0.99879545620517 -0.70710678118655 0.70710678118655 0 0.70625504010099 0.70625504010099 -0.049067674327418 
0.031128203062843 0.037929825177293 0.99879545620517 0.859375 0.015625 0.031128203062843 0.037929825177293 0.99879545620517 -0.77301045336274 0.63439328416365 0 0.63362912966973 0.7720793284178 -0.049067674327418 
0.027260539259814 0.040798280149606 0.99879545620517 0.84375 0.015625 0.027260539259814 0.040798280149606 0.99879545620517 -0.83146961230255 0.5555702330196 0 0.55490102434283 0.83046807074046 -0.049067674327418 
0.023130341561586 0.04327382538147 0.99879545620517 0.828125 0.015625 0.023130341561586 0.04327382538147 0.99879545620517 -0.88192126434836 0.471396736826 0 0.47082891881175 0.88085895156186 -0.049067674327418 
0.018777386029789 0.045332620019031 0.99879545620517 0.8125 0.015625 0.018777386029789 0.045332620019031 0.99879545620517 -0.92387953251129 0.38268343236509 0 0.38222247341125 0.92276667915323 -0.049067674327418 
0.014243594005762 0.046954836744478 0.99879545620517 0.796875 0.015625 0.014243594005762 0.046954836744478 0.99879545620517 -0.95694033573221 0.29028467725446 0 0.28993501664774 0.95578765918878 -0.049067674327418 
0.0095726283851185 0.048124852723951 0.99879545620517 0.78125 0.015625 0.0095726283851185 0.048124852723951 0.99879545620517 -0.98078528040323 0.19509032201613 0 0.19485532717931 0.97960388157966 -0.049067674327418 
0.0048094731201957 0.048831400063972 0.99879545620517 0.765625 0.015625 0.0048094731201957 0.048831400063972 0.99879545620517 -0.9951847266722 0.098017140329561 0 0.09789907439139 0.99398598308498 -0.049067674327418 
3.0045285153339e-18 0.049067674327418 0.99879545620517 0.75 0.015625 3.0045285153339e-18 0.049067674327418 0.99879545620517 -1 6.1232339957368e-17 0 6.1158582922229e-17 0.99879545620517 -0.049067674327418 
-0.0048094731201957 0.048831400063972 0.99879545620517 0.734375 0.015625 -0.0048094731201957 0.048831400063972 0.99879545620517 -0.9951847266722 -0.098017140329561 0 -0.09789907439139 0.99398598308498 -0.049067674327418 
-0.0095726283851185 0.048124852723951 0.99879545620517 0.71875 0.015625 -0.0095726283851185 0.048124852723951 0.99879545620517 -0.98078528040323 -0.19509032201613 0 -0.19485532717931 0.97960388157966 -0.049067674327418 
-0.014243594005762 0.046954836744478 0.99879545620517 0.703125 0.015625 -0.014243594005762 0.046954836744478 0.99879545620517 -0.95694033573221 -0.29028467725446 0 -0.28993501664774 0.95578765918878 -0.049067674327418 
-0.018777386029789 0.045332620019031 0.99879545620517 0.6875 0.015625 -0.018777386029789 0.045332620019031 0.99879545620517 -0.92387953251129 -0.38268343236509 0 -0.38222247341125 0.92276667915323 -0.049067674327418 
-0.023130341561586 0.04327382538147 0.99879545620517 0.671875 0.015625 -0.023130341561586 0.04327382538147 0.99879545620517 -0.88192126434836 -0.471396736826 0 -0.47082891881175 0.88085895156186 -0.049067674327418 
-0.027260539259814 0.040798280149606 0.99879545620517 0.65625 0.015625 -0.027260539259814 0.040798280149606 0.99879545620517 -0.83146961230255 -0.5555702330196 0 -0.55490102434283 0.83046807074046 -0.049067674327418 
-0.031128203062843 0.037929825177293 0.99879545620517 0.640625 0.015625 -0.031128203062843 0.037929825177293 0.99879545620517 -0.77301045336274 -0.63439328416365 0 -0.63362912966973 0.7720793284178 -0.049067674327418 
-0.03469608525397 0.03469608525397 0.99879545620517 0.625 0.015625 -0.03469608525397 0.03469608525397 0.99879545620517 -0.70710678118655 -0.70710678118655 0 -0.70625504010099 0.70625504010099 -0.049067674327418 
-0.037929825177293 0.031128203062843 0.99879545620517 0.609375 0.015625 -0.037929825177293 0.031128203062843 0.99879545620517 -0.63439328416365 -0.77301045336274 0 -0.7720793284178 0.63362912966973 -0.049067674327418 
-0.040798280149606 0.027260539259814 0.99879545620517 0.59375 0.015625 -0.040798280149606 0.027260539259814 0.99879545620517 -0.5555702330196 -0.83146961230255 0 -0.83046807074046 0.55490102434283 -0.049067674327418 
-0.04327382538147 0.023130341561586 0.99879545620517 0.578125 0.015625 -0.04327382538147 0.023130341561586 0.99879545620517 -0.471396736826 -0.88192126434835 0 -0.88085895156186 0.47082891881175 -0.049067674327418 
-0.045332620019031 0.018777386029789 0.99879545620517 0.5625 0.015625 -0.045332620019031 0.018777386029789 0.99879545620517 -0.38268343236509 -0.92387953251129 0 -0.92276667915323 0.38222247341125 -0.049067674327418 
-0.046954836744478 0.014243594005762 0.99879545620517 0.546875 0.015625 -0.046954836744478 0.014243594005762 0.99879545620517 -0.29028467725446 -0.95694033573221 0 -0.95578765918878 0.28993501664774 -0.049067674327418 
-0.048124852723951 0.0095726283851185 0.99879545620517 0.53125 0.015625 -0.048124852723951 0.0095726283851185 0.99879545620517 -0.19509032201613 -0.98078528040323 0 -0.97960388157966 0.19485532717931 -0.049067674327418 
-0.048831400063972 0.0048094731201957 0.99879545620517 0.515625 0.015625 -0.048831400063972 0.0048094731201957 0.99879545620517 -0.098017140329561 -0.9951847266722 0 -0.99398598308498 0.09789907439139 -0.049067674327418 
-0.049067674327418 6.0090570306677e-18 0.99879545620517 0.5 0.015625 -0.049067674327418 6.0090570306677e-18 0.99879545620517 -1.2246467991474e-16 -1 0 -0.99879545620517 1.2231716584446e-16 -0.049067674327418 
-0.048831400063972 -0.0048094731201957 0.99879545620517 0.484375 0.015625 -0.048831400063972 -0.0048094731201957 0.99879545620517 0.098017140329561 -0.9951847266722 0 -0.99398598308498 -0.09789907439139 -0.049067674327418 
-0.048124852723951 -0.0095726283851185 0.99879545620517 0.46875 0.015625 -0.048124852723951 -0.0095726283851185 0.99879545620517 0.19509032201613 -0.98078528040323 0 -0.97960388157966 -0.19485532717931 -0.049067674327418 
-0.046954836744478 -0.014243594005762 0.99879545620517 0.453125 0.015625 -0.046954836744478 -0.014243594005762 0.99879545620517 0.29028467725446 -0.95694033573221 0 -0.95578765918878 -0.28993501664774 -0.049067674327418 
-0.045332620019031 -0.018777386029789 0.99879545620517 0.4375 0.015625 -0.045332620019031 -0.018777386029789 0.99879545620517 0.38268343236509 -0.92387953251129 0 -0.92276667915323 -0.38222247341125 -0.049067674327418 
-0.04327382538147 -0.023130341561586 0.99879545620517 0.421875 0.015625 -0.04327382538147 -0.023130341561586 0.99879545620517 0.471396736826 -0.88192126434836 0 -0.88085895156186 -0.47082891881175 -0.049067674327418 
-0.040798280149606 -0.027260539259814 0.99879545620517 0.40625 0.015625 -0.040798280149606 -0.027260539259814 0.99879545620517 0.5555702330196 -0.83146961230255 0 -0.83046807074046 -0.55490102434283 -0.049067674327418 
-0.037929825177293 -0.031128203062843 0.99879545620517 0.390625 0.015625 -0.037929825177293 -0.031128203062843 0.99879545620517 0.63439328416365 -0.77301045336274 0 -0.7720793284178 -0.63362912966973 -0.049067674327418 
-0.03469608525397 -0.03469608525397 0.99879545620517 0.375 0.015625 -0.03469608525397 -0.03469608525397 0.99879545620517 0.70710678118655 -0.70710678118655 0 -0.70625504010099 -0.70625504010099 -0.049067674327418 
-0.031128203062843 -0.037929825177293 0.99879545620517 0.359375 0.015625 -0.031128203062843 -0.037929825177293 0.99879545620517 0.77301045336274 -0.63439328416365 0 -0.63362912966973 -0.7720793284178 -0.049067674327418 
-0.027260539259814 -0.040798280149606 0.99879545620517 0.34375 0.015625 -0.027260539259814 -0.040798280149606 0.99879545620517 0.83146961230255 -0.5555702330196 0 -0.55490102434283 -0.83046807074046 -0.049067674327418 
-0.023130341561586 -0.04327382538147 0.99879545620517 0.328125 0.015625 -0.023130341561586 -0.04327382538147 0.99879545620517 0.88192126434835 -0.471396736826 0 -0.47082891881175 -0.88085895156186 -0.049067674327418 
-0.018777386029789 -0.045332620019031 0.99879545620517 0.3125 0.015625 -0.018777386029789 -0.045332620019031 0.99879545620517 0.92387953251129 -0.38268343236509 0 -0.38222247341125 -0.92276667915323 -0.049067674327418 
-0.014243594005762 -0.046954836744478 0.99879545620517 0.296875 0.015625 -0.014243594005762 -0.046954836744478 0.99879545620517 0.95694033573221 -0.29028467725446 0 -0.28993501664774 -0.95578765918878 -0.049067674327418 
-0.0095726283851185 -0.048124852723951 0.99879545620517 0.28125 0.015625 -0.0095726283851185 -0.048124852723951 0.99879545620517 0.98078528040323 -0.19509032201613 0 -0.19485532717931 -0.97960388157966 -0.049067674327418 
-0.0048094731201957 -0.048831400063972 0.99879545620517 0.265625 0.015625 -0.0048094731201957 -0.048831400063972 0.99879545620517 0.9951847266722 -0.09801714032956 0 -0.09789907439139 -0.99398598308498 -0.049067674327418 
-9.0135855460016e-18 -0.049067674327418 0.99879545620517 0.25 0.015625 -9.0135855460016e-18 -0.049067674327418 0.99879545620517 1 -1.836970198721e-16 0 -1.8347574876669e-16 -0.99879545620517 -0.049067674327418 
0.0048094731201957 -0.048831400063972 0.99879545620517 0.234375 0.015625 0.0048094731201957 -0.048831400063972 0.99879545620517 0.9951847266722 0.09801714032956 0 0.097899074391389 -0.99398598308498 -0.049067674327418 
0.0095726283851185 -0.048124852723951 0.99879545620517 0.21875 0.015625 0.0095726283851185 -0.048124852723951 0.99879545620517 0.98078528040323 0.19509032201613 0 0.19485532717931 -0.97960388157966 -0.049067674327418 
0.014243594005762 -0.046954836744478 0.99879545620517 0.203125 0.015625 0.014243594005762 -0.046954836744478 0.99879545620517 0.95694033573221 0.29028467725446 0 0.28993501664774 -0.95578765918878 -0.049067674327418 
0.018777386029789 -0.045332620019031 0.99879545620517 0.1875 0.015625 0.018777386029789 -0.045332620019031 0.99879545620517 0.92387953251129 0.38268343236509 0 0.38222247341125 -0.92276667915323 -0.049067674327418 
0.023130341561586 -0.04327382538147 0.99879545620517 0.171875 0.015625 0.023130341561586 -0.04327382538147 0.99879545620517 0.88192126434836 0.471396736826 0 0.47082891881175 -0.88085895156186 -0.049067674327418 
0.027260539259814 -0.040798280149606 0.99879545620517 0.15625 0.015625 0.027260539259814 -0.040798280149606 0.99879545620517 0.83146961230255 0.5555702330196 0 0.55490102434283 -0.83046807074046 -0.049067674327418 
0.031128203062843 -0.037929825177293 0.99879545620517 0.140625 0.015625 0.031128203062843 -0.037929825177293 0.99879545620517 0.77301045336274 0.63439328416365 0 0.63362912966973 -0.7720793284178 -0.049067674327418 
0.03469608525397 -0.03469608525397 0.99879545620517 0.125 0.015625 0.03469608525397 -0.03469608525397 0.99879545620517 0.70710678118655 0.70710678118655 0 0.70625504010099 -0.70625504010099 -0.049067674327418 
0.037929825177293 -0.031128203062843 0.99879545620517 0.109375 0.015625 0.037929825177293 -0.031128203062843 0.99879545620517 0.63439328416365 0.77301045336274 0 0.7720793284178 -0.63362912966973 -0.049067674327418 
0.040798280149606 -0.027260539259814 0.99879545620517 0.09375 0.015625 0.040798280149606 -0.027260539259814 0.99879545620517 0.5555702330196 0.83146961230255 0 0.83046807074046 -0.55490102434283 -0.049067674327418 
0.04327382538147 -0.023130341561586 0.99879545620517 0.078125 0.015625 0.04327382538147 -0.023130341561586 0.99879545620517 0.471396736826 0.88192126434835 0 0.88085895156186 -0.47082891881175 -0.049067674327418 
0.045332620019031 -0.018777386029789 0.99879545620517 0.0625 0.015625 0.045332620019031 -0.018777386029789 0.99879545620517 0.38268343236509 0.92387953251129 0 0.92276667915323 -0.38222247341125 -0.049067674327418 
0.046954836744478 -0.014243594005762 0.99879545620517 0.046875 0.015625 0.046954836744478 -0.014243594005762 0.99879545620517 0.29028467725446 0.95694033573221 0 0.95578765918878 -0.28993501664774 -0.049067674327418 
0.048124852723951 -0.0095726283851185 0.99879545620517 0.03125 0.015625 0.048124852723951 -0.0095726283851185 0.99879545620517 0.19509032201613 0.98078528040323 0 0.97960388157966 -0.19485532717931 -0.049067674327418 
0.048831400063972 -0.0048094731201957 0.99879545620517 0.015625 0.015625 0.048831400063972 -0.0048094731201957 0.99879545620517 0.098017140329561 0.9951847266722 0 0.99398598308498 -0.09789907439139 -0.049067674327418 
0.049067674327418 -1.2018114061335e-17 0.99879545620517 0 0.015625 0.049067674327418 -1.2018114061335e-17 0.99879545620517 2.4492935982947e-16 1 0 0.99879545620517 -2.4463433168892e-16 -0.049067674327418 
0.098017140329561 0 0.9951847266722 1 0.03125 0.098017140329561 0 0.9951847266722 -0 1 0 0.9951847266722 0 -0.098017140329561 
0.097545161008064 0.0096073597983848 0.9951847266722 0.984375 0.03125 0.097545161008064 0.0096073597983848 0.9951847266722 -0.098017140329561 0.9951847266722 0 0.99039264020162 0.097545161008064 -0.098017140329561 
0.096133768462451 0.019122195469994 0.9951847266722 0.96875 0.03125 0.096133768462451 0.019122195469994 0.9951847266722 -0.19509032201613 0.98078528040323 0 0.9760625312022 0.19415090879201 -0.098017140329561 
0.093796555174481 0.028452873945972 0.9951847266722 0.953125 0.03125 0.093796555174481 0.028452873945972 0.9951847266722 -0.29028467725446 0.95694033573221 0 0.95233240645726 0.28888687719061 -0.098017140329561 
0.090556029785768 0.037509535691927 0.9951847266722 0.9375 0.03125 0.090556029785768 0.037509535691927 0.9951847266722 -0.38268343236509 0.92387953251129 0 0.91943080004028 0.38084070704023 -0.098017140329561 
0.086443400327256 0.046204960104371 0.9951847266722 0.921875 0.03125 0.086443400327256 0.046204960104371 0.9951847266722 -0.471396736826 0.88192126434836 0 0.87767457240692 0.46912683269235 -0.098017140329561 
0.081498273668824 0.054455405492809 0.9951847266722 0.90625 0.03125 0.081498273668824 0.054455405492809 0.9951847266722 -0.5555702330196 0.83146961230255 0 0.82746585885555 0.55289501049482 -0.098017140329561 
0.075768274083473 0.062181415557999 0.9951847266722 0.890625 0.03125 0.075768274083473 0.062181415557999 0.9951847266722 -0.63439328416365 0.77301045336274 0 0.76928819674455 0.63133850710307 -0.098017140329561 
0.069308584599546 0.069308584599546 0.9951847266722 0.875 0.03125 0.069308584599546 0.069308584599546 0.9951847266722 -0.70710678118655 0.70710678118655 0 0.70370186876319 0.70370186876319 -0.098017140329561 
0.062181415557999 0.075768274083473 0.9951847266722 0.859375 0.03125 0.062181415557999 0.075768274083473 0.9951847266722 -0.77301045336274 0.63439328416365 0 0.63133850710308 0.76928819674455 -0.098017140329561 
0.054455405492809 0.081498273668824 0.9951847266722 0.84375 0.03125 0.054455405492809 0.081498273668824 0.9951847266722 -0.83146961230255 0.5555702330196 0 0.55289501049482 0.82746585885555 -0.098017140329561 
0.046204960104371 0.086443400327256 0.9951847266722 0.828125 0.03125 0.046204960104371 0.086443400327256 0.9951847266722 -0.88192126434836 0.471396736826 0 0.46912683269235 0.87767457240692 -0.098017140329561 
0.037509535691927 0.090556029785768 0.9951847266722 0.8125 0.03125 0.037509535691927 0.090556029785768 0.9951847266722 -0.92387953251129 0.38268343236509 0 0.38084070704023 0.91943080004028 -0.098017140329561 
0.028452873945972 0.093796555174481 0.9951847266722 0.796875 0.03125 0.028452873945972 0.093796555174481 0.9951847266722 -0.95694033573221 0.29028467725446 0 0.28888687719061 0.95233240645726 -0.098017140329561 
0.019122195469994 0.096133768462451 0.9951847266722 0.78125 0.03125 0.019122195469994 0.096133768462451 0.9951847266722 -0.98078528040323 0.19509032201613 0 0.19415090879201 0.9760625312022 -0.098017140329561 
0.0096073597983848 0.097545161008064 0.9951847266722 0.765625 0.03125 0.0096073597983848 0.097545161008064 0.9951847266722 -0.9951847266722 0.098017140329561 0 0.097545161008064 0.99039264020162 -0.098017140329561 
6.0018188583087e-18 0.098017140329561 0.9951847266722 0.75 0.03125 6.0018188583087e-18 0.098017140329561 0.9951847266722 -1 6.1232339957368e-17 0 6.0937489503972e-17 0.9951847266722 -0.098017140329561 
-0.0096073597983848 0.097545161008064 0.9951847266722 0.734375 0.03125 -0.0096073597983848 0.097545161008064 0.9951847266722 -0.9951847266722 -0.098017140329561 0 -0.097545161008064 0.99039264020162 -0.098017140329561 
-0.019122195469994 0.096133768462451 0.9951847266722 0.71875 0.03125 -0.019122195469994 0.096133768462451 0.9951847266722 -0.98078528040323 -0.19509032201613 0 -0.19415090879201 0.9760625312022 -0.098017140329561 
-0.028452873945972 0.093796555174481 0.9951847266722 0.703125 0.03125 -0.028452873945972 0.093796555174481 0.9951847266722 -0.95694033573221 -0.29028467725446 0 -0.28888687719061 0.95233240645726 -0.098017140329561 
-0.037509535691927 0.090556029785768 0.9951847266722 0.6875 0.03125 -0.037509535691927 0.090556029785768 0.9951847266722 -0.92387953251129 -0.38268343236509 0 -0.38084070704023 0.91943080004028 -0.098017140329561 
-0.046204960104371 0.086443400327256 0.9951847266722 0.671875 0.03125 -0.046204960104371 0.086443400327256 0.9951847266722 -0.88192126434836 -0.471396736826 0 -0.46912683269235 0.87767457240692 -0.098017140329561 
-0.054455405492809 0.081498273668824 0.9951847266722 0.65625 0.03125 -0.054455405492809 0.081498273668824 0.9951847266722 -0.83146961230255 -0.5555702330196 0 -0.55289501049482 0.82746585885555 -0.098017140329561 
-0.062181415557999 0.075768274083473 0.9951847266722 0.640625 0.03125 -0.062181415557999 0.075768274083473 0.9951847266722 -0.77301045336274 -0.63439328416365 0 -0.63133850710307 0.76928819674455 -0.098017140329561 
-0.069308584599546 0.069308584599546 0.9951847266722 0.625 0.03125 -0.069308584599546 0.069308584599546 0.9951847266722 -0.70710678118655 -0.70710678118655 0 -0.70370186876319 0.70370186876319 -0.098017140329561 
-0.075768274083473 0.062181415557999 0.9951847266722 0.609375 0.03125 -0.075768274083473 0.062181415557999 0.9951847266722 -0.63439328416365 -0.77301045336274 0 -0.76928819674455 0.63133850710307 -0.098017140329561 
-0.081498273668824 0.054455405492809 0.9951847266722 0.59375 0.03125 -0.081498273668824 0.054455405492809 0.9951847266722 -0.5555702330196 -0.83146961230255 0 -0.82746585885555 0.55289501049482 -0.098017140329561 
-0.086443400327256 0.046204960104371 0.9951847266722 0.578125 0.03125 -0.086443400327256 0.046204960104371 0.9951847266722 -0.471396736826 -0.88192126434835 0 -0.87767457240692 0.46912683269235 -0.098017140329561 
-0.090556029785768 0.037509535691927 0.9951847266722 0.5625 0.03125 -0.090556029785768 0.037509535691927 0.9951847266722 -0.38268343236509 -0.92387953251129 0 -0.91943080004028 0.38084070704023 -0.098017140329561 
-0.093796555174481 0.028452873945972 0.9951847266722 0.546875 0.03125 -0.093796555174481 0.028452873945972 0.9951847266722 -0.29028467725446 -0.95694033573221 0 -0.95233240645726 0.28888687719061 -0.098017140329561 
-0.096133768462451 0.019122195469994 0.9951847266722 0.53125 0.03125 -0.096133768462451 0.019122195469994 0.9951847266722 -0.19509032201613 -0.98078528040323 0 -0.9760625312022 0.19415090879201 -0.098017140329561 
-0.097545161008064 0.0096073597983848 0.9951847266722 0.515625 0.03125 -0.097545161008064 0.0096073597983848 0.9951847266722 -0.098017140329561 -0.9951847266722 0 -0.99039264020162 0.097545161008064 -0.098017140329561 
-0.098017140329561 1.2003637716617e-17 0.9951847266722 0.5 0.03125 -0.098017140329561 1.2003637716617e-17 0.9951847266722 -1.2246467991474e-16 -1 0 -0.9951847266722 1.2187497900794e-16 -0.098017140329561 
-0.097545161008064 -0.0096073597983848 0.9951847266722 0.484375 0.03125 -0.097545161008064 -0.0096073597983848 0.9951847266722 0.098017140329561 -0.9951847266722 0 -0.99039264020162 -0.097545161008064 -0.098017140329561 
-0.096133768462451 -0.019122195469994 0.9951847266722 0.46875 0.03125 -0.096133768462451 -0.019122195469994 0.9951847266722 0.19509032201613 -0.98078528040323 0 -0.9760625312022 -0.19415090879201 -0.098017140329561 
-0.093796555174481 -0.028452873945972 0.9951847266722 0.453125 0.03125 -0.093796555174481 -0.028452873945972 0.9951847266722 0.29028467725446 -0.95694033573221 0 -0.95233240645726 -0.28888687719061 -0.098017140329561 
-0.090556029785768 -0.037509535691927 0.9951847266722 0.4375 0.03125 -0.090556029785768 -0.037509535691927 0.9951847266722 0.38268343236509 -0.92387953251129 0 -0.91943080004028 -0.38084070704023 -0.098017140329561 
-0.086443400327256 -0.046204960104371 0.9951847266722 0.421875 0.03125 -0.086443400327256 -0.046204960104371 0.9951847266722 0.471396736826 -0.88192126434836 0 -0.87767457240692 -0.46912683269235 -0.098017140329561 
-0.081498273668824 -0.054455405492809 0.9951847266722 0.40625 0.03125 -0.081498273668824 -0.054455405492809 0.9951847266722 0.5555702330196 -0.83146961230255 0 -0.82746585885555 -0.55289501049482 -0.098017140329561 
-0.075768274083473 -0.062181415557999 0.9951847266722 0.390625 0.03125 -0.075768274083473 -0.062181415557999 0.9951847266722 0.63439328416365 -0.77301045336274 0 -0.76928819674455 -0.63133850710307 -0.098017140329561 
-0.069308584599546 -0.069308584599546 0.9951847266722 0.375 0.03125 -0.069308584599546 -0.069308584599546 0.9951847266722 0.70710678118655 -0.70710678118655 0 -0.70370186876319 -0.70370186876319 -0.098017140329561 
-0.062181415557999 -0.075768274083473 0.9951847266722 0.359375 0.03125 -0.062181415557999 -0.075768274083473 0.9951847266722 0.77301045336274 -0.63439328416365 0 -0.63133850710308 -0.76928819674455 -0.098017140329561 
-0.054455405492809 -0.081498273668824 0.9951847266722 0.34375 0.03125 -0.054455405492809 -0.081498273668824 0.9951847266722 0.83146961230255 -0.5555702330196 0 -0.55289501049482 -0.82746585885555 -0.098017140329561 
-0.046204960104371 -0.086443400327256 0.9951847266722 0.328125 0.03125 -0.046204960104371 -0.086443400327256 0.9951847266722 0.88192126434835 -0.471396736826 0 -0.46912683269235 -0.87767457240692 -0.098017140329561 
-0.037509535691927 -0.090556029785768 0.9951847266722 0.3125 0.03125 -0.037509535691927 -0.090556029785768 0.9951847266722 0.92387953251129 -0.38268343236509 0 -0.38084070704023 -0.91943080004028 -0.098017140329561 
-0.028452873945972 -0.093796555174481 0.9951847266722 0.296875 0.03125 -0.028452873945972 -0.093796555174481 0.9951847266722 0.95694033573221 -0.29028467725446 0 -0.28888687719061 -0.95233240645726 -0.098017140329561 
-0.019122195469994 -0.096133768462451 0.9951847266722 0.28125 0.03125 -0.019122195469994 -0.096133768462451 0.9951847266722 0.98078528040323 -0.19509032201613 0 -0.19415090879201 -0.9760625312022 -0.098017140329561 
-0.0096073597983848 -0.097545161008064 0.9951847266722 0.265625 0.03125 -0.0096073597983848 -0.097545161008064 0.9951847266722 0.9951847266722 -0.09801714032956 0 -0.097545161008064 -0.99039264020162 -0.098017140329561 
-1.8005456574926e-17 -0.098017140329561 0.9951847266722 0.25 0.03125 -1.8005456574926e-17 -0.098017140329561 0.9951847266722 1 -1.836970198721e-16 0 -1.8281246851192e-16 -0.9951847266722 -0.098017140329561 
0.0096073597983847 -0.097545161008064 0.9951847266722 0.234375 0.03125 0.0096073597983847 -0.097545161008064 0.9951847266722 0.9951847266722 0.09801714032956 0 0.097545161008064 -0.99039264020162 -0.098017140329561 
0.019122195469994 -0.096133768462451 0.9951847266722 0.21875 0.03125 0.019122195469994 -0.096133768462451 0.9951847266722 0.98078528040323 0.19509032201613 0 0.19415090879201 -0.9760625312022 -0.098017140329561 
0.028452873945972 -0.093796555174481 0.9951847266722 0.203125 0.03125 0.028452873945972 -0.093796555174481 0.9951847266722 0.95694033573221 0.29028467725446 0 0.28888687719061 -0.95233240645726 -0.098017140329561 
0.037509535691927 -0.090556029785768 0.9951847266722 0.1875 0.03125 0.037509535691927 -0.090556029785768 0.9951847266722 0.92387953251129 0.38268343236509 0 0.38084070704023 -0.91943080004028 -0.098017140329561 
0.046204960104371 -0.086443400327256 0.9951847266722 0.171875 0.03125 0.046204960104371 -0.086443400327256 0.9951847266722 0.88192126434836 0.471396736826 0 0.46912683269235 -0.87767457240692 -0.098017140329561 
0.054455405492809 -0.081498273668824 0.9951847266722 0.15625 0.03125 0.054455405492809 -0.081498273668824 0.9951847266722 0.83146961230255 0.5555702330196 0 0.55289501049482 -0.82746585885555 -0.098017140329561 
0.062181415557999 -0.075768274083473 0.9951847266722 0.140625 0.03125 0.062181415557999 -0.075768274083473 0.9951847266722 0.77301045336274 0.63439328416365 0 0.63133850710308 -0.76928819674455 -0.098017140329561 
0.069308584599546 -0.069308584599546 0.9951847266722 0.125 0.03125 0.069308584599546 -0.069308584599546 0.9951847266722 0.70710678118655 0.70710678118655 0 0.70370186876319 -0.70370186876319 -0.098017140329561 
0.075768274083473 -0.062181415557999 0.9951847266722 0.109375 0.03125 0.075768274083473 -0.062181415557999 0.9951847266722 0.63439328416365 0.77301045336274 0 0.76928819674455 -0.63133850710307 -0.098017140329561 
0.081498273668824 -0.054455405492809 0.9951847266722 0.09375 0.03125 0.081498273668824 -0.054455405492809 0.9951847266722 0.5555702330196 0.83146961230255 0 0.82746585885555 -0.55289501049482 -0.098017140329561 
0.086443400327256 -0.046204960104371 0.9951847266722 0.078125 0.03125 0.086443400327256 -0.046204960104371 0.9951847266722 0.471396736826 0.88192126434835 0 0.87767457240692 -0.46912683269235 -0.098017140329561 
0.090556029785768 -0.037509535691927 0.9951847266722 0.0625 0.03125 0.090556029785768 -0.037509535691927 0.9951847266722 0.38268343236509 0.92387953251129 0 0.91943080004028 -0.38084070704023 -0.098017140329561 
0.093796555174481 -0.028452873945972 0.9951847266722 0.046875 0.03125 0.093796555174481 -0.028452873945972 0.9951847266722 0.29028467725446 0.95694033573221 0 0.95233240645726 -0.28888687719061 -0.098017140329561 
0.096133768462451 -0.019122195469994 0.9951847266722 0.03125 0.03125 0.096133768462451 -0.019122195469994 0.9951847266722 0.19509032201613 0.98078528040323 0 0.9760625312022 -0.19415090879201 -0.098017140329561 
0.097545161008064 -0.0096073597983848 0.9951847266722 0.015625 0.03125 0.097545161008064 -0.0096073597983848 0.9951847266722 0.098017140329561 0.9951847266722 0 0.99039264020162 -0.097545161008064 -0.098017140329561 
0.098017140329561 -2.4007275433235e-17 0.9951847266722 0 0.03125 0.098017140329561 -2.4007275433235e-17 0.9951847266722 2.4492935982947e-16 1 0 0.9951847266722 -2.4374995801589e-16 -0.098017140329561 
0.14673047445536 0 0.98917650996478 1 0.046875 0.14673047445536 0 0.98917650996478 -0 1 0 0.98917650996478 0 -0.14673047445536 
0.14602392711534 0.014382101505314 0.98917650996478 0.984375 0.046875 0.14602392711534 0.014382101505314 0.98917650996478 -0.098017140329561 0.9951847266722 0 0.98441335469986 0.096956252787923 -0.14673047445536 
0.1439110895324 0.028625695511076 0.98917650996478 0.96875 0.046875 0.1439110895324 0.028625695511076 0.98917650996478 -0.19509032201613 0.98078528040323 0 0.9701697606941 0.19297876385982 -0.14673047445536 
0.14041230948746 0.042593608420669 0.98917650996478 0.953125 0.046875 0.14041230948746 0.042593608420669 0.98917650996478 -0.29028467725446 0.95694033573221 0 0.94658290154411 0.28714278394282 -0.14673047445536 
0.13556128214498 0.056151321597136 0.98917650996478 0.9375 0.046875 0.13556128214498 0.056151321597136 0.98917650996478 -0.38268343236509 0.92387953251129 0 0.91387993159741 0.37854146204824 -0.14673047445536 
0.12940472555011 0.069168266851188 0.98917650996478 0.921875 0.046875 0.12940472555011 0.069168266851188 0.98917650996478 -0.471396736826 0.88192126434836 0 0.87237579833183 0.46629457894233 -0.14673047445536 
0.12200193070837 0.081519083884242 0.98917650996478 0.90625 0.046875 0.12200193070837 0.081519083884242 0.98917650996478 -0.5555702330196 0.83146961230255 0 0.8224702092392 0.54955702413865 -0.14673047445536 
0.11342419058087 0.093084827576627 0.98917650996478 0.890625 0.046875 0.11342419058087 0.093084827576627 0.98917650996478 -0.63439328416365 0.77301045336274 0 0.76464378242365 0.62752693477409 -0.14673047445536 
0.10375411349411 0.10375411349411 0.98917650996478 0.875 0.046875 0.10375411349411 0.10375411349411 0.98917650996478 -0.70710678118655 0.70710678118655 0 0.69945341798654 0.69945341798654 -0.14673047445536 
0.093084827576627 0.11342419058087 0.98917650996478 0.859375 0.046875 0.093084827576627 0.11342419058087 0.98917650996478 -0.77301045336274 0.63439328416365 0 0.62752693477409 0.76464378242365 -0.14673047445536 
0.081519083884242 0.12200193070837 0.98917650996478 0.84375 0.046875 0.081519083884242 0.12200193070837 0.98917650996478 -0.83146961230255 0.5555702330196 0 0.54955702413865 0.8224702092392 -0.14673047445536 
0.069168266851188 0.12940472555011 0.98917650996478 0.828125 0.046875 0.069168266851188 0.12940472555011 0.98917650996478 -0.88192126434836 0.471396736826 0 0.46629457894233 0.87237579833183 -0.14673047445536 
0.056151321597136 0.13556128214498 0.98917650996478 0.8125 0.046875 0.056151321597136 0.13556128214498 0.98917650996478 -0.92387953251129 0.38268343236509 0 0.37854146204824 0.91387993159741 -0.14673047445536 
0.042593608420669 0.14041230948746 0.98917650996478 0.796875 0.046875 0.042593608420669 0.14041230948746 0.98917650996478 -0.95694033573221 0.29028467725446 0 0.28714278394282 0.94658290154411 -0.14673047445536 
0.028625695511076 0.1439110895324 0.98917650996478 0.78125 0.046875 0.028625695511076 0.1439110895324 0.98917650996478 -0.98078528040323 0.19509032201613 0 0.19297876385982 0.9701697606941 -0.14673047445536 
0.014382101505314 0.14602392711534 0.98917650996478 0.765625 0.046875 0.014382101505314 0.14602392711534 0.98917650996478 -0.9951847266722 0.098017140329561 0 0.096956252787923 0.98441335469986 -0.14673047445536 
8.9846502939566e-18 0.14673047445536 0.98917650996478 0.75 0.046875 8.9846502939566e-18 0.14673047445536 0.98917650996478 -1 6.1232339957368e-17 0 6.0569592336006e-17 0.98917650996478 -0.14673047445536 
-0.014382101505314 0.14602392711534 0.98917650996478 0.734375 0.046875 -0.014382101505314 0.14602392711534 0.98917650996478 -0.9951847266722 -0.098017140329561 0 -0.096956252787923 0.98441335469986 -0.14673047445536 
-0.028625695511076 0.1439110895324 0.98917650996478 0.71875 0.046875 -0.028625695511076 0.1439110895324 0.98917650996478 -0.98078528040323 -0.19509032201613 0 -0.19297876385982 0.9701697606941 -0.14673047445536 
-0.042593608420669 0.14041230948746 0.98917650996478 0.703125 0.046875 -0.042593608420669 0.14041230948746 0.98917650996478 -0.95694033573221 -0.29028467725446 0 -0.28714278394282 0.94658290154411 -0.14673047445536 
-0.056151321597136 0.13556128214498 0.98917650996478 0.6875 0.046875 -0.056151321597136 0.13556128214498 0.98917650996478 -0.92387953251129 -0.38268343236509 0 -0.37854146204824 0.91387993159741 -0.14673047445536 
-0.069168266851188 0.12940472555011 0.98917650996478 0.671875 0.046875 -0.069168266851188 0.12940472555011 0.98917650996478 -0.88192126434836 -0.471396736826 0 -0.46629457894233 0.87237579833183 -0.14673047445536 
-0.081519083884242 0.12200193070837 0.98917650996478 0.65625 0.046875 -0.081519083884242 0.12200193070837 0.98917650996478 -0.83146961230255 -0.5555702330196 0 -0.54955702413865 0.8224702092392 -0.14673047445536 
-0.093084827576627 0.11342419058087 0.98917650996478 0.640625 0.046875 -0.093084827576627 0.11342419058087 0.98917650996478 -0.77301045336274 -0.63439328416365 0 -0.62752693477409 0.76464378242365 -0.14673047445536 
-0.10375411349411 0.10375411349411 0.98917650996478 0.625 0.046875 -0.10375411349411 0.10375411349411 0.98917650996478 -0.70710678118655 -0.70710678118655 0 -0.69945341798654 0.69945341798654 -0.14673047445536 
