ply
format ascii 1.0
obj_info texture decal.png
obj_info texture normalmap.png
element material 1
property uchar diffuse_red
property uchar diffuse_green
property uchar diffuse_blue
property uint diffuse_texture
property uint normalmap_texture
property uint face_offset
property uint face_count
element vertex 2145
property float x
property float y
property float z
property float s
property float t
property float nx
property float ny
property float nz
property float tx
property float ty
property float tz
property float bx
property float by
property float bz
element face 4096
property list uchar int vertex_indices
end_header
255 255 255
0 1
0 4096
7 0 0 0 0 1 0 0 0 0 1 -0 1 0 
6.96157 0 0.390181 0 0.03125 0.980785 0 0.19509 -0.19509 0 0.980785 -0 1 0 
6.84776 0 0.765367 0 0.0625 0.92388 0 0.382683 -0.382683 0 0.92388 -0 1 0 
6.66294 0 1.11114 0 0.09375 0.83147 0 0.55557 -0.55557 0 0.83147 -0 1 0 
6.41421 0 1.41421 0 0.125 0.707107 0 0.707107 -0.707107 0 0.707107 -0 1 0 
6.11114 0 1.66294 0 0.15625 0.55557 0 0.83147 -0.83147 0 0.55557 -0 1 0 
5.76537 0 1.84776 0 0.1875 0.382683 0 0.92388 -0.92388 0 0.382683 -0 1 0 
5.39018 0 1.96157 0 0.21875 0.19509 0 0.980785 -0.980785 0 0.19509 -0 1 0 
5 0 2 0 0.25 0 0 1 -1 0 6.12323e-17 -0 1 0 
4.60982 0 1.96157 0 0.28125 -0.19509 0 0.980785 -0.980785 -0 -0.19509 -0 1 0 
4.23463 0 1.84776 0 0.3125 -0.382683 0 0.92388 -0.92388 -0 -0.382683 -0 1 0 
3.88886 0 1.66294 0 0.34375 -0.55557 0 0.83147 -0.83147 -0 -0.55557 -0 1 0 
3.58579 0 1.41421 0 0.375 -0.707107 0 0.707107 -0.707107 -0 -0.707107 -0 1 0 
3.33706 0 1.11114 0 0.40625 -0.83147 0 0.55557 -0.55557 -0 -0.83147 -0 1 0 
3.15224 0 0.765367 0 0.4375 -0.92388 0 0.382683 -0.382683 -0 -0.92388 -0 1 0 
3.03843 0 0.390181 0 0.46875 -0.980785 0 0.19509 -0.19509 -0 -0.980785 -0 1 0 
3 0 2.44929e-16 0 0.5 -1 0 1.22465e-16 -1.22465e-16 -0 -1 -0 1 0 
3.03843 0 -0.390181 0 0.53125 -0.980785 0 -0.19509 0.19509 0 -0.980785 -0 1 0 
3.15224 0 -0.765367 0 0.5625 -0.92388 0 -0.382683 0.382683 0 -0.92388 -0 1 0 
3.33706 0 -1.11114 0 0.59375 -0.83147 0 -0.55557 0.55557 0 -0.83147 -0 1 0 
3.58579 0 -1.41421 0 0.625 -0.707107 0 -0.707107 0.707107 0 -0.707107 -0 1 0 
3.88886 0 -1.66294 0 0.65625 -0.55557 0 -0.83147 0.83147 0 -0.55557 -0 1 0 
4.23463 0 -1.84776 0 0.6875 -0.382683 0 -0.92388 0.92388 0 -0.382683 -0 1 0 
4.60982 0 -1.96157 0 0.71875 -0.19509 0 -0.980785 0.980785 0 -0.19509 -0 1 0 
5 0 -2 0 0.75 0 0 -1 1 0 -1.83697e-16 -0 1 0 
5.39018 0 -1.96157 0 0.78125 0.19509 0 -0.980785 0.980785 0 0.19509 -0 1 0 
5.76537 0 -1.84776 0 0.8125 0.382683 0 -0.92388 0.92388 0 0.382683 -0 1 0 
6.11114 0 -1.66294 0 0.84375 0.55557 0 -0.83147 0.83147 0 0.55557 -0 1 0 
6.41421 0 -1.41421 0 0.875 0.707107 0 -0.707107 0.707107 0 0.707107 -0 1 0 
6.66294 0 -1.11114 0 0.90625 0.83147 0 -0.55557 0.55557 0 0.83147 -0 1 0 
6.84776 0 -0.765367 0 0.9375 0.92388 0 -0.382683 0.382683 0 0.92388 -0 1 0 
6.96157 0 -0.390181 0 0.96875 0.980785 0 -0.19509 0.19509 0 0.980785 -0 1 0 
7 0 -4.89859e-16 0 1 1 0 -2.44929e-16 2.44929e-16 0 1 -0 1 0 
6.96629 0.68612 0 0.015625 0 0.995185 0.0980171 0 0 0 1 -0.0980171 0.995185 0 
6.92805 0.682353 0.390181 0.015625 0.03125 0.976063 0.0961338 0.19509 -0.194151 -0.0191222 0.980785 -0.0980171 0.995185 0 
6.81479 0.671198 0.765367 0.015625 0.0625 0.919431 0.090556 0.382683 -0.380841 -0.0375095 0.92388 -0.0980171 0.995185 0 
6.63086 0.653082 1.11114 0.015625 0.09375 0.827466 0.0814983 0.55557 -0.552895 -0.0544554 0.83147 -0.0980171 0.995185 0 
6.38333 0.628703 1.41421 0.015625 0.125 0.703702 0.0693086 0.707107 -0.703702 -0.0693086 0.707107 -0.0980171 0.995185 0 
6.08171 0.598997 1.66294 0.015625 0.15625 0.552895 0.0544554 0.83147 -0.827466 -0.0814983 0.55557 -0.0980171 0.995185 0 
5.73761 0.565105 1.84776 0.015625 0.1875 0.380841 0.0375095 0.92388 -0.919431 -0.090556 0.382683 -0.0980171 0.995185 0 
5.36423 0.52833 1.96157 0.015625 0.21875 0.194151 0.0191222 0.980785 -0.976063 -0.0961338 0.19509 -0.0980171 0.995185 0 
4.97592 0.490086 2 0.015625 0.25 0 0 1 -0.995185 -0.0980171 6.12323e-17 -0.0980171 0.995185 0 
4.58762 0.451841 1.96157 0.015625 0.28125 -0.194151 -0.0191222 0.980785 -0.976063 -0.0961338 -0.19509 -0.0980171 0.995185 0 
4.21424 0.415067 1.84776 0.015625 0.3125 -0.380841 -0.0375095 0.92388 -0.919431 -0.090556 -0.382683 -0.0980171 0.995185 0 
3.87013 0.381175 1.66294 0.015625 0.34375 -0.552895 -0.0544554 0.83147 -0.827466 -0.0814983 -0.55557 -0.0980171 0.995185 0 
3.56852 0.351469 1.41421 0.015625 0.375 -0.703702 -0.0693086 0.707107 -0.703702 -0.0693086 -0.707107 -0.0980171 0.995185 0 
3.32099 0.327089 1.11114 0.015625 0.40625 -0.827466 -0.0814983 0.55557 -0.552895 -0.0544554 -0.83147 -0.0980171 0.995185 0 
3.13706 0.308974 0.765367 0.015625 0.4375 -0.919431 -0.090556 0.382683 -0.380841 -0.0375095 -0.92388 -0.0980171 0.995185 0 
3.0238 0.297818 0.390181 0.015625 0.46875 -0.976063 -0.0961338 0.19509 -0.194151 -0.0191222 -0.980785 -0.0980171 0.995185 0 
2.98555 0.294051 2.44929e-16 0.015625 0.5 -0.995185 -0.0980171 1.22465e-16 -1.21875e-16 -1.20036e-17 -1 -0.0980171 0.995185 0 
3.0238 0.297818 -0.390181 0.015625 0.53125 -0.976063 -0.0961338 -0.19509 0.194151 0.0191222 -0.980785 -0.0980171 0.995185 0 
3.13706 0.308974 -0.765367 0.015625 0.5625 -0.919431 -0.090556 -0.382683 0.380841 0.0375095 -0.92388 -0.0980171 0.995185 0 
3.32099 0.327089 -1.11114 0.015625 0.59375 -0.827466 -0.0814983 -0.55557 0.552895 0.0544554 -0.83147 -0.0980171 0.995185 0 
3.56852 0.351469 -1.41421 0.015625 0.625 -0.703702 -0.0693086 -0.707107 0.703702 0.0693086 -0.707107 -0.0980171 0.995185 0 
3.87013 0.381175 -1.66294 0.015625 0.65625 -0.552895 -0.0544554 -0.83147 0.827466 0.0814983 -0.55557 -0.0980171 0.995185 0 
4.21424 0.415067 -1.84776 0.015625 0.6875 -0.380841 -0.0375095 -0.92388 0.919431 0.090556 -0.382683 -0.0980171 0.995185 0 
4.58762 0.451841 -1.96157 0.015625 0.71875 -0.194151 -0.0191222 -0.980785 0.976063 0.0961338 -0.19509 -0.0980171 0.995185 0 
4.97592 0.490086 -2 0.015625 0.75 0 -2.77556e-17 -1 0.995185 0.0980171 -1.83697e-16 -0.0980171 0.995185 0 
5.36423 0.52833 -1.96157 0.015625 0.78125 0.194151 0.0191222 -0.980785 0.976063 0.0961338 0.19509 -0.0980171 0.995185 0 
5.73761 0.565105 -1.84776 0.015625 0.8125 0.380841 0.0375095 -0.92388 0.919431 0.090556 0.382683 -0.0980171 0.995185 0 
6.08171 0.598997 -1.66294 0.015625 0.84375 0.552895 0.0544554 -0.83147 0.827466 0.0814983 0.55557 -0.0980171 0.995185 0 
6.38333 0.628703 -1.41421 0.015625 0.875 0.703702 0.0693086 -0.707107 0.703702 0.0693086 0.707107 -0.0980171 0.995185 0 
6.63086 0.653082 -1.11114 0.015625 0.90625 0.827466 0.0814983 -0.55557 0.552895 0.0544554 0.83147 -0.0980171 0.995185 0 
6.81479 0.671198 -0.765367 0.015625 0.9375 0.919431 0.090556 -0.382683 0.380841 0.0375095 0.92388 -0.0980171 0.995185 0 
6.92805 0.682353 -0.390181 0.015625 0.96875 0.976063 0.0961338 -0.19509 0.194151 0.0191222 0.980785 -0.0980171 0.995185 0 
6.96629 0.68612 -4.89859e-16 0.015625 1 0.995185 0.0980171 -2.44929e-16 2.4375e-16 2.40073e-17 1 -0.0980171 0.995185 0 
6.8655 1.36563 0 0.03125 0 0.980785 0.19509 0 0 0 1 -0.19509 0.980785 0 
6.82781 1.35813 0.390181 0.03125 0.03125 0.96194 0.191342 0.19509 -0.191342 -0.0380602 0.980785 -0.19509 0.980785 0 
6.71618 1.33593 0.765367 0.03125 0.0625 0.906127 0.18024 0.382683 -0.37533 -0.0746578 0.92388 -0.19509 0.980785 0 
6.53491 1.29987 1.11114 0.03125 0.09375 0.815493 0.162212 0.55557 -0.544895 -0.108386 0.83147 -0.19509 0.980785 0 
6.29097 1.25135 1.41421 0.03125 0.125 0.69352 0.13795 0.707107 -0.69352 -0.13795 0.707107 -0.19509 0.980785 0 
5.99372 1.19222 1.66294 0.03125 0.15625 0.544895 0.108386 0.83147 -0.815493 -0.162212 0.55557 -0.19509 0.980785 0 
5.65459 1.12477 1.84776 0.03125 0.1875 0.37533 0.0746578 0.92388 -0.906127 -0.18024 0.382683 -0.19509 0.980785 0 
5.28661 1.05157 1.96157 0.03125 0.21875 0.191342 0.0380602 0.980785 -0.96194 -0.191342 0.19509 -0.19509 0.980785 0 
4.90393 0.975452 2 0.03125 0.25 0 0 1 -0.980785 -0.19509 6.12323e-17 -0.19509 0.980785 0 
4.52124 0.899331 1.96157 0.03125 0.28125 -0.191342 -0.0380602 0.980785 -0.96194 -0.191342 -0.19509 -0.19509 0.980785 0 
4.15327 0.826136 1.84776 0.03125 0.3125 -0.37533 -0.0746578 0.92388 -0.906127 -0.18024 -0.382683 -0.19509 0.980785 0 
3.81414 0.758679 1.66294 0.03125 0.34375 -0.544895 -0.108386 0.83147 -0.815493 -0.162212 -0.55557 -0.19509 0.980785 0 
3.51689 0.699552 1.41421 0.03125 0.375 -0.69352 -0.13795 0.707107 -0.69352 -0.13795 -0.707107 -0.19509 0.980785 0 
3.27294 0.651028 1.11114 0.03125 0.40625 -0.815493 -0.162212 0.55557 -0.544895 -0.108386 -0.83147 -0.19509 0.980785 0 
3.09167 0.614972 0.765367 0.03125 0.4375 -0.906127 -0.18024 0.382683 -0.37533 -0.0746578 -0.92388 -0.19509 0.980785 0 
2.98005 0.592768 0.390181 0.03125 0.46875 -0.96194 -0.191342 0.19509 -0.191342 -0.0380602 -0.980785 -0.19509 0.980785 0 
2.94236 0.585271 2.44929e-16 0.03125 0.5 -0.980785 -0.19509 1.22465e-16 -1.20112e-16 -2.38917e-17 -1 -0.19509 0.980785 0 
2.98005 0.592768 -0.390181 0.03125 0.53125 -0.96194 -0.191342 -0.19509 0.191342 0.0380602 -0.980785 -0.19509 0.980785 0 
3.09167 0.614972 -0.765367 0.03125 0.5625 -0.906127 -0.18024 -0.382683 0.37533 0.0746578 -0.92388 -0.19509 0.980785 0 
3.27294 0.651028 -1.11114 0.03125 0.59375 -0.815493 -0.162212 -0.55557 0.544895 0.108386 -0.83147 -0.19509 0.980785 0 
3.51689 0.699552 -1.41421 0.03125 0.625 -0.69352 -0.13795 -0.707107 0.69352 0.13795 -0.707107 -0.19509 0.980785 0 
3.81414 0.758679 -1.66294 0.03125 0.65625 -0.544895 -0.108386 -0.83147 0.815493 0.162212 -0.55557 -0.19509 0.980785 0 
4.15327 0.826136 -1.84776 0.03125 0.6875 -0.37533 -0.0746578 -0.92388 0.906127 0.18024 -0.382683 -0.19509 0.980785 0 
4.52124 0.899331 -1.96157 0.03125 0.71875 -0.191342 -0.0380602 -0.980785 0.96194 0.191342 -0.19509 -0.19509 0.980785 0 
4.90393 0.975452 -2 0.03125 0.75 0 -5.55112e-17 -1 0.980785 0.19509 -1.83697e-16 -0.19509 0.980785 0 
5.28661 1.05157 -1.96157 0.03125 0.78125 0.191342 0.0380602 -0.980785 0.96194 0.191342 0.19509 -0.19509 0.980785 0 
5.65459 1.12477 -1.84776 0.03125 0.8125 0.37533 0.0746578 -0.92388 0.906127 0.18024 0.382683 -0.19509 0.980785 0 
5.99372 1.19222 -1.66294 0.03125 0.84375 0.544895 0.108386 -0.83147 0.815493 0.162212 0.55557 -0.19509 0.980785 0 
6.29097 1.25135 -1.41421 0.03125 0.875 0.69352 0.13795 -0.707107 0.69352 0.13795 0.707107 -0.19509 0.980785 0 
6.53491 1.29987 -1.11114 0.03125 0.90625 0.815493 0.162212 -0.55557 0.544895 0.108386 0.83147 -0.19509 0.980785 0 
6.71618 1.33593 -0.765367 0.03125 0.9375 0.906127 0.18024 -0.382683 0.37533 0.0746578 0.92388 -0.19509 0.980785 0 
6.82781 1.35813 -0.390181 0.03125 0.96875 0.96194 0.191342 -0.19509 0.191342 0.0380602 0.980785 -0.19509 0.980785 0 
6.8655 1.36563 -4.89859e-16 0.03125 1 0.980785 0.19509 -2.44929e-16 2.40223e-16 4.77833e-17 1 -0.19509 0.980785 0 
6.69858 2.03199 0 0.046875 0 0.95694 0.290285 0 0 0 1 -0.290285 0.95694 0 
6.66181 2.02084 0.390181 0.046875 0.03125 0.938553 0.284707 0.19509 -0.18669 -0.0566317 0.980785 -0.290285 0.95694 0 
6.5529 1.9878 0.765367 0.046875 0.0625 0.884098 0.268188 0.382683 -0.366205 -0.111087 0.92388 -0.290285 0.95694 0 
6.37604 1.93415 1.11114 0.046875 0.09375 0.795667 0.241363 0.55557 -0.531648 -0.161274 0.83147 -0.290285 0.95694 0 
6.13802 1.86195 1.41421 0.046875 0.125 0.676659 0.205262 0.707107 -0.676659 -0.205262 0.707107 -0.290285 0.95694 0 
5.848 1.77397 1.66294 0.046875 0.15625 0.531648 0.161274 0.83147 -0.795667 -0.241363 0.55557 -0.290285 0.95694 0 
5.51711 1.6736 1.84776 0.046875 0.1875 0.366205 0.111087 0.92388 -0.884098 -0.268188 0.382683 -0.290285 0.95694 0 
5.15808 1.56469 1.96157 0.046875 0.21875 0.18669 0.0566317 0.980785 -0.938553 -0.284707 0.19509 -0.290285 0.95694 0 
4.7847 1.45142 2 0.046875 0.25 0 0 1 -0.95694 -0.290285 6.12323e-17 -0.290285 0.95694 0 
4.41132 1.33816 1.96157 0.046875 0.28125 -0.18669 -0.0566317 0.980785 -0.938553 -0.284707 -0.19509 -0.290285 0.95694 0 
4.05229 1.22925 1.84776 0.046875 0.3125 -0.366205 -0.111087 0.92388 -0.884098 -0.268188 -0.382683 -0.290285 0.95694 0 
3.72141 1.12888 1.66294 0.046875 0.34375 -0.531648 -0.161274 0.83147 -0.795667 -0.241363 -0.55557 -0.290285 0.95694 0 
3.43138 1.0409 1.41421 0.046875 0.375 -0.676659 -0.205262 0.707107 -0.676659 -0.205262 -0.707107 -0.290285 0.95694 0 
3.19337 0.968698 1.11114 0.046875 0.40625 -0.795667 -0.241363 0.55557 -0.531648 -0.161274 -0.83147 -0.290285 0.95694 0 
3.01651 0.915047 0.765367 0.046875 0.4375 -0.884098 -0.268188 0.382683 -0.366205 -0.111087 -0.92388 -0.290285 0.95694 0 
2.9076 0.88201 0.390181 0.046875 0.46875 -0.938553 -0.284707 0.19509 -0.18669 -0.0566317 -0.980785 -0.290285 0.95694 0 
2.87082 0.870854 2.44929e-16 0.046875 0.5 -0.95694 -0.290285 1.22465e-16 -1.17191e-16 -3.55496e-17 -1 -0.290285 0.95694 0 
2.9076 0.88201 -0.390181 0.046875 0.53125 -0.938553 -0.284707 -0.19509 0.18669 0.0566317 -0.980785 -0.290285 0.95694 0 
3.01651 0.915047 -0.765367 0.046875 0.5625 -0.884098 -0.268188 -0.382683 0.366205 0.111087 -0.92388 -0.290285 0.95694 0 
3.19337 0.968698 -1.11114 0.046875 0.59375 -0.795667 -0.241363 -0.55557 0.531648 0.161274 -0.83147 -0.290285 0.95694 0 
3.43138 1.0409 -1.41421 0.046875 0.625 -0.676659 -0.205262 -0.707107 0.676659 0.205262 -0.707107 -0.290285 0.95694 0 
3.72141 1.12888 -1.66294 0.046875 0.65625 -0.531648 -0.161274 -0.83147 0.795667 0.241363 -0.55557 -0.290285 0.95694 0 
4.05229 1.22925 -1.84776 0.046875 0.6875 -0.366205 -0.111087 -0.92388 0.884098 0.268188 -0.382683 -0.290285 0.95694 0 
4.41132 1.33816 -1.96157 0.046875 0.71875 -0.18669 -0.0566317 -0.980785 0.938553 0.284707 -0.19509 -0.290285 0.95694 0 
4.7847 1.45142 -2 0.046875 0.75 0 0 -1 0.95694 0.290285 -1.83697e-16 -0.290285 0.95694 0 
5.15808 1.56469 -1.96157 0.046875 0.78125 0.18669 0.0566317 -0.980785 0.938553 0.284707 0.19509 -0.290285 0.95694 0 
5.51711 1.6736 -1.84776 0.046875 0.8125 0.366205 0.111087 -0.92388 0.884098 0.268188 0.382683 -0.290285 0.95694 0 
5.848 1.77397 -1.66294 0.046875 0.84375 0.531648 0.161274 -0.83147 0.795667 0.241363 0.55557 -0.290285 0.95694 0 
6.13802 1.86195 -1.41421 0.046875 0.875 0.676659 0.205262 -0.707107 0.676659 0.205262 0.707107 -0.290285 0.95694 0 
6.37604 1.93415 -1.11114 0.046875 0.90625 0.795667 0.241363 -0.55557 0.531648 0.161274 0.83147 -0.290285 0.95694 0 
6.5529 1.9878 -0.765367 0.046875 0.9375 0.884098 0.268188 -0.382683 0.366205 0.111087 0.92388 -0.290285 0.95694 0 
6.66181 2.02084 -0.390181 0.046875 0.96875 0.938553 0.284707 -0.19509 0.18669 0.0566317 0.980785 -0.290285 0.95694 0 
6.69858 2.03199 -4.89859e-16 0.046875 1 0.95694 0.290285 -2.44929e-16 2.34383e-16 7.10992e-17 1 -0.290285 0.95694 0 
6.46716 2.67878 0 0.0625 0 0.92388 0.382683 0 0 0 1 -0.382683 0.92388 0 
6.43165 2.66408 0.390181 0.0625 0.03125 0.906127 0.37533 0.19509 -0.18024 -0.0746578 0.980785 -0.382683 0.92388 0 
6.3265 2.62052 0.765367 0.0625 0.0625 0.853553 0.353553 0.382683 -0.353553 -0.146447 0.92388 -0.382683 0.92388 0 
6.15575 2.5498 1.11114 0.0625 0.09375 0.768178 0.31819 0.55557 -0.51328 -0.212608 0.83147 -0.382683 0.92388 0 
5.92596 2.45461 1.41421 0.0625 0.125 0.653282 0.270598 0.707107 -0.653282 -0.270598 0.707107 -0.382683 0.92388 0 
5.64596 2.33863 1.66294 0.0625 0.15625 0.51328 0.212608 0.83147 -0.768178 -0.31819 0.55557 -0.382683 0.92388 0 
5.3265 2.20631 1.84776 0.0625 0.1875 0.353553 0.146447 0.92388 -0.853553 -0.353553 0.382683 -0.382683 0.92388 0 
4.97988 2.06273 1.96157 0.0625 0.21875 0.18024 0.0746578 0.980785 -0.906127 -0.37533 0.19509 -0.382683 0.92388 0 
4.6194 1.91342 2 0.0625 0.25 0 0 1 -0.92388 -0.382683 6.12323e-17 -0.382683 0.92388 0 
4.25892 1.7641 1.96157 0.0625 0.28125 -0.18024 -0.0746578 0.980785 -0.906127 -0.37533 -0.19509 -0.382683 0.92388 0 
3.91229 1.62052 1.84776 0.0625 0.3125 -0.353553 -0.146447 0.92388 -0.853553 -0.353553 -0.382683 -0.382683 0.92388 0 
3.59284 1.4882 1.66294 0.0625 0.34375 -0.51328 -0.212608 0.83147 -0.768178 -0.31819 -0.55557 -0.382683 0.92388 0 
3.31283 1.37222 1.41421 0.0625 0.375 -0.653282 -0.270598 0.707107 -0.653282 -0.270598 -0.707107 -0.382683 0.92388 0 
3.08304 1.27704 1.11114 0.0625 0.40625 -0.768178 -0.31819 0.55557 -0.51328 -0.212608 -0.83147 -0.382683 0.92388 0 
2.91229 1.20631 0.765367 0.0625 0.4375 -0.853553 -0.353553 0.382683 -0.353553 -0.146447 -0.92388 -0.382683 0.92388 0 
2.80714 1.16276 0.390181 0.0625 0.46875 -0.906127 -0.37533 0.19509 -0.18024 -0.0746578 -0.980785 -0.382683 0.92388 0 
2.77164 1.14805 2.44929e-16 0.0625 0.5 -0.92388 -0.382683 1.22465e-16 -1.13143e-16 -4.68652e-17 -1 -0.382683 0.92388 0 
2.80714 1.16276 -0.390181 0.0625 0.53125 -0.906127 -0.37533 -0.19509 0.18024 0.0746578 -0.980785 -0.382683 0.92388 0 
2.91229 1.20631 -0.765367 0.0625 0.5625 -0.853553 -0.353553 -0.382683 0.353553 0.146447 -0.92388 -0.382683 0.92388 0 
3.08304 1.27704 -1.11114 0.0625 0.59375 -0.768178 -0.31819 -0.55557 0.51328 0.212608 -0.83147 -0.382683 0.92388 0 
3.31283 1.37222 -1.41421 0.0625 0.625 -0.653282 -0.270598 -0.707107 0.653282 0.270598 -0.707107 -0.382683 0.92388 0 
3.59284 1.4882 -1.66294 0.0625 0.65625 -0.51328 -0.212608 -0.83147 0.768178 0.31819 -0.55557 -0.382683 0.92388 0 
3.91229 1.62052 -1.84776 0.0625 0.6875 -0.353553 -0.146447 -0.92388 0.853553 0.353553 -0.382683 -0.382683 0.92388 0 
4.25892 1.7641 -1.96157 0.0625 0.71875 -0.18024 -0.0746578 -0.980785 0.906127 0.37533 -0.19509 -0.382683 0.92388 0 
4.6194 1.91342 -2 0.0625 0.75 0 -1.11022e-16 -1 0.92388 0.382683 -1.83697e-16 -0.382683 0.92388 0 
4.97988 2.06273 -1.96157 0.0625 0.78125 0.18024 0.0746578 -0.980785 0.906127 0.37533 0.19509 -0.382683 0.92388 0 
5.3265 2.20631 -1.84776 0.0625 0.8125 0.353553 0.146447 -0.92388 0.853553 0.353553 0.382683 -0.382683 0.92388 0 
5.64596 2.33863 -1.66294 0.0625 0.84375 0.51328 0.212608 -0.83147 0.768178 0.31819 0.55557 -0.382683 0.92388 0 
5.92596 2.45461 -1.41421 0.0625 0.875 0.653282 0.270598 -0.707107 0.653282 0.270598 0.707107 -0.382683 0.92388 0 
6.15575 2.5498 -1.11114 0.0625 0.90625 0.768178 0.31819 -0.55557 0.51328 0.212608 0.83147 -0.382683 0.92388 0 
6.3265 2.62052 -0.765367 0.0625 0.9375 0.853553 0.353553 -0.382683 0.353553 0.146447 0.92388 -0.382683 0.92388 0 
6.43165 2.66408 -0.390181 0.0625 0.96875 0.906127 0.37533 -0.19509 0.18024 0.0746578 0.980785 -0.382683 0.92388 0 
6.46716 2.67878 -4.89859e-16 0.0625 1 0.92388 0.382683 -2.44929e-16 2.26285e-16 9.37304e-17 1 -0.382683 0.92388 0 
6.17345 3.29978 0 0.078125 0 0.881921 0.471397 0 0 0 1 -0.471397 0.881921 0 
6.13956 3.28166 0.390181 0.078125 0.03125 0.864975 0.462339 0.19509 -0.172054 -0.0919649 0.980785 -0.471397 0.881921 0 
6.03918 3.22801 0.765367 0.078125 0.0625 0.814789 0.435514 0.382683 -0.337497 -0.180396 0.92388 -0.471397 0.881921 0 
5.87619 3.14089 1.11114 0.078125 0.09375 0.733291 0.391952 0.55557 -0.489969 -0.261894 0.83147 -0.471397 0.881921 0 
5.65683 3.02364 1.41421 0.078125 0.125 0.623613 0.333328 0.707107 -0.623613 -0.333328 0.707107 -0.471397 0.881921 0 
5.38954 2.88077 1.66294 0.078125 0.15625 0.489969 0.261894 0.83147 -0.733291 -0.391952 0.55557 -0.471397 0.881921 0 
5.0846 2.71778 1.84776 0.078125 0.1875 0.337497 0.180396 0.92388 -0.814789 -0.435514 0.382683 -0.471397 0.881921 0 
4.75372 2.54091 1.96157 0.078125 0.21875 0.172054 0.0919649 0.980785 -0.864975 -0.462339 0.19509 -0.471397 0.881921 0 
4.40961 2.35698 2 0.078125 0.25 0 0 1 -0.881921 -0.471397 6.12323e-17 -0.471397 0.881921 0 
4.0655 2.17305 1.96157 0.078125 0.28125 -0.172054 -0.0919649 0.980785 -0.864975 -0.462339 -0.19509 -0.471397 0.881921 0 
3.73461 1.99619 1.84776 0.078125 0.3125 -0.337497 -0.180396 0.92388 -0.814789 -0.435514 -0.382683 -0.471397 0.881921 0 
3.42967 1.8332 1.66294 0.078125 0.34375 -0.489969 -0.261894 0.83147 -0.733291 -0.391952 -0.55557 -0.471397 0.881921 0 
3.16238 1.69033 1.41421 0.078125 0.375 -0.623613 -0.333328 0.707107 -0.623613 -0.333328 -0.707107 -0.471397 0.881921 0 
2.94302 1.57308 1.11114 0.078125 0.40625 -0.733291 -0.391952 0.55557 -0.489969 -0.261894 -0.83147 -0.471397 0.881921 0 
2.78003 1.48596 0.765367 0.078125 0.4375 -0.814789 -0.435514 0.382683 -0.337497 -0.180396 -0.92388 -0.471397 0.881921 0 
2.67966 1.43231 0.390181 0.078125 0.46875 -0.864975 -0.462339 0.19509 -0.172054 -0.0919649 -0.980785 -0.471397 0.881921 0 
2.64576 1.41419 2.44929e-16 0.078125 0.5 -0.881921 -0.471397 1.22465e-16 -1.08004e-16 -5.77295e-17 -1 -0.471397 0.881921 0 
2.67966 1.43231 -0.390181 0.078125 0.53125 -0.864975 -0.462339 -0.19509 0.172054 0.0919649 -0.980785 -0.471397 0.881921 0 
2.78003 1.48596 -0.765367 0.078125 0.5625 -0.814789 -0.435514 -0.382683 0.337497 0.180396 -0.92388 -0.471397 0.881921 0 
2.94302 1.57308 -1.11114 0.078125 0.59375 -0.733291 -0.391952 -0.55557 0.489969 0.261894 -0.83147 -0.471397 0.881921 0 
3.16238 1.69033 -1.41421 0.078125 0.625 -0.623613 -0.333328 -0.707107 0.623613 0.333328 -0.707107 -0.471397 0.881921 0 
3.42967 1.8332 -1.66294 0.078125 0.65625 -0.489969 -0.261894 -0.83147 0.733291 0.391952 -0.55557 -0.471397 0.881921 0 
3.73461 1.99619 -1.84776 0.078125 0.6875 -0.337497 -0.180396 -0.92388 0.814789 0.435514 -0.382683 -0.471397 0.881921 0 
4.0655 2.17305 -1.96157 0.078125 0.71875 -0.172054 -0.0919649 -0.980785 0.864975 0.462339 -0.19509 -0.471397 0.881921 0 
4.40961 2.35698 -2 0.078125 0.75 0 0 -1 0.881921 0.471397 -1.83697e-16 -0.471397 0.881921 0 
4.75372 2.54091 -1.96157 0.078125 0.78125 0.172054 0.0919649 -0.980785 0.864975 0.462339 0.19509 -0.471397 0.881921 0 
5.0846 2.71778 -1.84776 0.078125 0.8125 0.337497 0.180396 -0.92388 0.814789 0.435514 0.382683 -0.471397 0.881921 0 
5.38954 2.88077 -1.66294 0.078125 0.84375 0.489969 0.261894 -0.83147 0.733291 0.391952 0.55557 -0.471397 0.881921 0 
5.65683 3.02364 -1.41421 0.078125 0.875 0.623613 0.333328 -0.707107 0.623613 0.333328 0.707107 -0.471397 0.881921 0 
5.87619 3.14089 -1.11114 0.078125 0.90625 0.733291 0.391952 -0.55557 0.489969 0.261894 0.83147 -0.471397 0.881921 0 
6.03918 3.22801 -0.765367 0.078125 0.9375 0.814789 0.435514 -0.382683 0.337497 0.180396 0.92388 -0.471397 0.881921 0 
6.13956 3.28166 -0.390181 0.078125 0.96875 0.864975 0.462339 -0.19509 0.172054 0.0919649 0.980785 -0.471397 0.881921 0 
6.17345 3.29978 -4.89859e-16 0.078125 1 0.881921 0.471397 -2.44929e-16 2.16008e-16 1.15459e-16 1 -0.471397 0.881921 0 
5.82029 3.88899 0 0.09375 0 0.83147 0.55557 0 0 0 1 -0.55557 0.83147 0 
5.78833 3.86764 0.390181 0.09375 0.03125 0.815493 0.544895 0.19509 -0.162212 -0.108386 0.980785 -0.55557 0.83147 0 
5.6937 3.80441 0.765367 0.09375 0.0625 0.768178 0.51328 0.382683 -0.31819 -0.212608 0.92388 -0.55557 0.83147 0 
5.54003 3.70173 1.11114 0.09375 0.09375 0.691342 0.46194 0.55557 -0.46194 -0.308658 0.83147 -0.55557 0.83147 0 
5.33322 3.56355 1.41421 0.09375 0.125 0.587938 0.392847 0.707107 -0.587938 -0.392847 0.707107 -0.55557 0.83147 0 
5.08123 3.39517 1.66294 0.09375 0.15625 0.46194 0.308658 0.83147 -0.691342 -0.46194 0.55557 -0.55557 0.83147 0 
4.79373 3.20307 1.84776 0.09375 0.1875 0.31819 0.212608 0.92388 -0.768178 -0.51328 0.382683 -0.55557 0.83147 0 
4.48177 2.99462 1.96157 0.09375 0.21875 0.162212 0.108386 0.980785 -0.815493 -0.544895 0.19509 -0.55557 0.83147 0 
4.15735 2.77785 2 0.09375 0.25 0 0 1 -0.83147 -0.55557 6.12323e-17 -0.55557 0.83147 0 
3.83292 2.56108 1.96157 0.09375 0.28125 -0.162212 -0.108386 0.980785 -0.815493 -0.544895 -0.19509 -0.55557 0.83147 0 
3.52097 2.35264 1.84776 0.09375 0.3125 -0.31819 -0.212608 0.92388 -0.768178 -0.51328 -0.382683 -0.55557 0.83147 0 
3.23347 2.16053 1.66294 0.09375 0.34375 -0.46194 -0.308658 0.83147 -0.691342 -0.46194 -0.55557 -0.55557 0.83147 0 
2.98147 1.99216 1.41421 0.09375 0.375 -0.587938 -0.392847 0.707107 -0.587938 -0.392847 -0.707107 -0.55557 0.83147 0 
2.77466 1.85397 1.11114 0.09375 0.40625 -0.691342 -0.46194 0.55557 -0.46194 -0.308658 -0.83147 -0.55557 0.83147 0 
2.62099 1.75129 0.765367 0.09375 0.4375 -0.768178 -0.51328 0.382683 -0.31819 -0.212608 -0.92388 -0.55557 0.83147 0 
2.52636 1.68806 0.390181 0.09375 0.46875 -0.815493 -0.544895 0.19509 -0.162212 -0.108386 -0.980785 -0.55557 0.83147 0 
2.49441 1.66671 2.44929e-16 0.09375 0.5 -0.83147 -0.55557 1.22465e-16 -1.01826e-16 -6.80377e-17 -1 -0.55557 0.83147 0 
2.52636 1.68806 -0.390181 0.09375 0.53125 -0.815493 -0.544895 -0.19509 0.162212 0.108386 -0.980785 -0.55557 0.83147 0 
2.62099 1.75129 -0.765367 0.09375 0.5625 -0.768178 -0.51328 -0.382683 0.31819 0.212608 -0.92388 -0.55557 0.83147 0 
2.77466 1.85397 -1.11114 0.09375 0.59375 -0.691342 -0.46194 -0.55557 0.46194 0.308658 -0.83147 -0.55557 0.83147 0 
2.98147 1.99216 -1.41421 0.09375 0.625 -0.587938 -0.392847 -0.707107 0.587938 0.392847 -0.707107 -0.55557 0.83147 0 
3.23347 2.16053 -1.66294 0.09375 0.65625 -0.46194 -0.308658 -0.83147 0.691342 0.46194 -0.55557 -0.55557 0.83147 0 
3.52097 2.35264 -1.84776 0.09375 0.6875 -0.31819 -0.212608 -0.92388 0.768178 0.51328 -0.382683 -0.55557 0.83147 0 
3.83292 2.56108 -1.96157 0.09375 0.71875 -0.162212 -0.108386 -0.980785 0.815493 0.544895 -0.19509 -0.55557 0.83147 0 
4.15735 2.77785 -2 0.09375 0.75 0 0 -1 0.83147 0.55557 -1.83697e-16 -0.55557 0.83147 0 
4.48177 2.99462 -1.96157 0.09375 0.78125 0.162212 0.108386 -0.980785 0.815493 0.544895 0.19509 -0.55557 0.83147 0 
4.79373 3.20307 -1.84776 0.09375 0.8125 0.31819 0.212608 -0.92388 0.768178 0.51328 0.382683 -0.55557 0.83147 0 
5.08123 3.39517 -1.66294 0.09375 0.84375 0.46194 0.308658 -0.83147 0.691342 0.46194 0.55557 -0.55557 0.83147 0 
5.33322 3.56355 -1.41421 0.09375 0.875 0.587938 0.392847 -0.707107 0.587938 0.392847 0.707107 -0.55557 0.83147 0 
5.54003 3.70173 -1.11114 0.09375 0.90625 0.691342 0.46194 -0.55557 0.46194 0.308658 0.83147 -0.55557 0.83147 0 
5.6937 3.80441 -0.765367 0.09375 0.9375 0.768178 0.51328 -0.382683 0.31819 0.212608 0.92388 -0.55557 0.83147 0 
5.78833 3.86764 -0.390181 0.09375 0.96875 0.815493 0.544895 -0.19509 0.162212 0.108386 0.980785 -0.55557 0.83147 0 
5.82029 3.88899 -4.89859e-16 0.09375 1 0.83147 0.55557 -2.44929e-16 2.03651e-16 1.36075e-16 1 -0.55557 0.83147 0 
5.41107 4.44075 0 0.109375 0 0.77301 0.634393 0 0 0 1 -0.634393 0.77301 0 
5.38137 4.41637 0.390181 0.109375 0.03125 0.758157 0.622204 0.19509 -0.150807 -0.123764 0.980785 -0.634393 0.77301 0 
5.29339 4.34417 0.765367 0.109375 0.0625 0.714169 0.586103 0.382683 -0.295818 -0.242772 0.92388 -0.634393 0.77301 0 
5.15052 4.22692 1.11114 0.109375 0.09375 0.642735 0.527479 0.55557 -0.429462 -0.35245 0.83147 -0.634393 0.77301 0 
4.95825 4.06913 1.41421 0.109375 0.125 0.546601 0.448584 0.707107 -0.546601 -0.448584 0.707107 -0.634393 0.77301 0 
4.72398 3.87687 1.66294 0.109375 0.15625 0.429462 0.35245 0.83147 -0.642735 -0.527479 0.55557 -0.634393 0.77301 0 
4.45669 3.65751 1.84776 0.109375 0.1875 0.295818 0.242772 0.92388 -0.714169 -0.586103 0.382683 -0.634393 0.77301 0 
4.16667 3.41949 1.96157 0.109375 0.21875 0.150807 0.123764 0.980785 -0.758157 -0.622204 0.19509 -0.634393 0.77301 0 
3.86505 3.17197 2 0.109375 0.25 0 0 1 -0.77301 -0.634393 6.12323e-17 -0.634393 0.77301 0 
3.56344 2.92444 1.96157 0.109375 0.28125 -0.150807 -0.123764 0.980785 -0.758157 -0.622204 -0.19509 -0.634393 0.77301 0 
3.27342 2.68642 1.84776 0.109375 0.3125 -0.295818 -0.242772 0.92388 -0.714169 -0.586103 -0.382683 -0.634393 0.77301 0 
3.00613 2.46707 1.66294 0.109375 0.34375 -0.429462 -0.35245 0.83147 -0.642735 -0.527479 -0.55557 -0.634393 0.77301 0 
2.77185 2.2748 1.41421 0.109375 0.375 -0.546601 -0.448584 0.707107 -0.546601 -0.448584 -0.707107 -0.634393 0.77301 0 
2.57958 2.11701 1.11114 0.109375 0.40625 -0.642735 -0.527479 0.55557 -0.429462 -0.35245 -0.83147 -0.634393 0.77301 0 
2.43672 1.99976 0.765367 0.109375 0.4375 -0.714169 -0.586103 0.382683 -0.295818 -0.242772 -0.92388 -0.634393 0.77301 0 
2.34874 1.92756 0.390181 0.109375 0.46875 -0.758157 -0.622204 0.19509 -0.150807 -0.123764 -0.980785 -0.634393 0.77301 0 
2.31903 1.90318 2.44929e-16 0.109375 0.5 -0.77301 -0.634393 1.22465e-16 -9.46665e-17 -7.76908e-17 -1 -0.634393 0.77301 0 
2.34874 1.92756 -0.390181 0.109375 0.53125 -0.758157 -0.622204 -0.19509 0.150807 0.123764 -0.980785 -0.634393 0.77301 0 
2.43672 1.99976 -0.765367 0.109375 0.5625 -0.714169 -0.586103 -0.382683 0.295818 0.242772 -0.92388 -0.634393 0.77301 0 
2.57958 2.11701 -1.11114 0.109375 0.59375 -0.642735 -0.527479 -0.55557 0.429462 0.35245 -0.83147 -0.634393 0.77301 0 
2.77185 2.2748 -1.41421 0.109375 0.625 -0.546601 -0.448584 -0.707107 0.546601 0.448584 -0.707107 -0.634393 0.77301 0 
3.00613 2.46707 -1.66294 0.109375 0.65625 -0.429462 -0.35245 -0.83147 0.642735 0.527479 -0.55557 -0.634393 0.77301 0 
3.27342 2.68642 -1.84776 0.109375 0.6875 -0.295818 -0.242772 -0.92388 0.714169 0.586103 -0.382683 -0.634393 0.77301 0 
3.56344 2.92444 -1.96157 0.109375 0.71875 -0.150807 -0.123764 -0.980785 0.758157 0.622204 -0.19509 -0.634393 0.77301 0 
3.86505 3.17197 -2 0.109375 0.75 -2.22045e-16 -2.22045e-16 -1 0.77301 0.634393 -1.83697e-16 -0.634393 0.77301 0 
4.16667 3.41949 -1.96157 0.109375 0.78125 0.150807 0.123764 -0.980785 0.758157 0.622204 0.19509 -0.634393 0.77301 0 
4.45669 3.65751 -1.84776 0.109375 0.8125 0.295818 0.242772 -0.92388 0.714169 0.586103 0.382683 -0.634393 0.77301 0 
4.72398 3.87687 -1.66294 0.109375 0.84375 0.429462 0.35245 -0.83147 0.642735 0.527479 0.55557 -0.634393 0.77301 0 
4.95825 4.06913 -1.41421 0.109375 0.875 0.546601 0.448584 -0.707107 0.546601 0.448584 0.707107 -0.634393 0.77301 0 
5.15052 4.22692 -1.11114 0.109375 0.90625 0.642735 0.527479 -0.55557 0.429462 0.35245 0.83147 -0.634393 0.77301 0 
5.29339 4.34417 -0.765367 0.109375 0.9375 0.714169 0.586103 -0.382683 0.295818 0.242772 0.92388 -0.634393 0.77301 0 
5.38137 4.41637 -0.390181 0.109375 0.96875 0.758157 0.622204 -0.19509 0.150807 0.123764 0.980785 -0.634393 0.77301 0 
5.41107 4.44075 -4.89859e-16 0.109375 1 0.77301 0.634393 -2.44929e-16 1.89333e-16 1.55382e-16 1 -0.634393 0.77301 0 
4.94975 4.94975 0 0.125 0 0.707107 0.707107 0 0 0 1 -0.707107 0.707107 0 
4.92257 4.92257 0.390181 0.125 0.03125 0.69352 0.69352 0.19509 -0.13795 -0.13795 0.980785 -0.707107 0.707107 0 
4.8421 4.8421 0.765367 0.125 0.0625 0.653282 0.653282 0.382683 -0.270598 -0.270598 0.92388 -0.707107 0.707107 0 
4.71141 4.71141 1.11114 0.125 0.09375 0.587938 0.587938 0.55557 -0.392847 -0.392847 0.83147 -0.707107 0.707107 0 
4.53553 4.53553 1.41421 0.125 0.125 0.5 0.5 0.707107 -0.5 -0.5 0.707107 -0.707107 0.707107 0 
4.32123 4.32123 1.66294 0.125 0.15625 0.392847 0.392847 0.83147 -0.587938 -0.587938 0.55557 -0.707107 0.707107 0 
4.07673 4.07673 1.84776 0.125 0.1875 0.270598 0.270598 0.92388 -0.653282 -0.653282 0.382683 -0.707107 0.707107 0 
3.81143 3.81143 1.96157 0.125 0.21875 0.13795 0.13795 0.980785 -0.69352 -0.69352 0.19509 -0.707107 0.707107 0 
3.53553 3.53553 2 0.125 0.25 0 0 1 -0.707107 -0.707107 6.12323e-17 -0.707107 0.707107 0 
3.25963 3.25963 1.96157 0.125 0.28125 -0.13795 -0.13795 0.980785 -0.69352 -0.69352 -0.19509 -0.707107 0.707107 0 
2.99434 2.99434 1.84776 0.125 0.3125 -0.270598 -0.270598 0.92388 -0.653282 -0.653282 -0.382683 -0.707107 0.707107 0 
2.74984 2.74984 1.66294 0.125 0.34375 -0.392847 -0.392847 0.83147 -0.587938 -0.587938 -0.55557 -0.707107 0.707107 0 
2.53553 2.53553 1.41421 0.125 0.375 -0.5 -0.5 0.707107 -0.5 -0.5 -0.707107 -0.707107 0.707107 0 
2.35966 2.35966 1.11114 0.125 0.40625 -0.587938 -0.587938 0.55557 -0.392847 -0.392847 -0.83147 -0.707107 0.707107 0 
2.22897 2.22897 0.765367 0.125 0.4375 -0.653282 -0.653282 0.382683 -0.270598 -0.270598 -0.92388 -0.707107 0.707107 0 
2.14849 2.14849 0.390181 0.125 0.46875 -0.69352 -0.69352 0.19509 -0.13795 -0.13795 -0.980785 -0.707107 0.707107 0 
2.12132 2.12132 2.44929e-16 0.125 0.5 -0.707107 -0.707107 1.22465e-16 -8.65956e-17 -8.65956e-17 -1 -0.707107 0.707107 0 
2.14849 2.14849 -0.390181 0.125 0.53125 -0.69352 -0.69352 -0.19509 0.13795 0.13795 -0.980785 -0.707107 0.707107 0 
2.22897 2.22897 -0.765367 0.125 0.5625 -0.653282 -0.653282 -0.382683 0.270598 0.270598 -0.92388 -0.707107 0.707107 0 
2.35966 2.35966 -1.11114 0.125 0.59375 -0.587938 -0.587938 -0.55557 0.392847 0.392847 -0.83147 -0.707107 0.707107 0 
2.53553 2.53553 -1.41421 0.125 0.625 -0.5 -0.5 -0.707107 0.5 0.5 -0.707107 -0.707107 0.707107 0 
2.74984 2.74984 -1.66294 0.125 0.65625 -0.392847 -0.392847 -0.83147 0.587938 0.587938 -0.55557 -0.707107 0.707107 0 
2.99434 2.99434 -1.84776 0.125 0.6875 -0.270598 -0.270598 -0.92388 0.653282 0.653282 -0.382683 -0.707107 0.707107 0 
3.25963 3.25963 -1.96157 0.125 0.71875 -0.13795 -0.13795 -0.980785 0.69352 0.69352 -0.19509 -0.707107 0.707107 0 
3.53553 3.53553 -2 0.125 0.75 -2.22045e-16 -2.22045e-16 -1 0.707107 0.707107 -1.83697e-16 -0.707107 0.707107 0 
3.81143 3.81143 -1.96157 0.125 0.78125 0.13795 0.13795 -0.980785 0.69352 0.69352 0.19509 -0.707107 0.707107 0 
4.07673 4.07673 -1.84776 0.125 0.8125 0.270598 0.270598 -0.92388 0.653282 0.653282 0.382683 -0.707107 0.707107 0 
4.32123 4.32123 -1.66294 0.125 0.84375 0.392847 0.392847 -0.83147 0.587938 0.587938 0.55557 -0.707107 0.707107 0 
4.53553 4.53553 -1.41421 0.125 0.875 0.5 0.5 -0.707107 0.5 0.5 0.707107 -0.707107 0.707107 0 
4.71141 4.71141 -1.11114 0.125 0.90625 0.587938 0.587938 -0.55557 0.392847 0.392847 0.83147 -0.707107 0.707107 0 
4.8421 4.8421 -0.765367 0.125 0.9375 0.653282 0.653282 -0.382683 0.270598 0.270598 0.92388 -0.707107 0.707107 0 
4.92257 4.92257 -0.390181 0.125 0.96875 0.69352 0.69352 -0.19509 0.13795 0.13795 0.980785 -0.707107 0.707107 0 
4.94975 4.94975 -4.89859e-16 0.125 1 0.707107 0.707107 -2.44929e-16 1.73191e-16 1.73191e-16 1 -0.707107 0.707107 0 
4.44075 5.41107 0 0.140625 0 0.634393 0.77301 0 0 0 1 -0.77301 0.634393 0 
4.41637 5.38137 0.390181 0.140625 0.03125 0.622204 0.758157 0.19509 -0.123764 -0.150807 0.980785 -0.77301 0.634393 0 
4.34417 5.29339 0.765367 0.140625 0.0625 0.586103 0.714169 0.382683 -0.242772 -0.295818 0.92388 -0.77301 0.634393 0 
4.22692 5.15052 1.11114 0.140625 0.09375 0.527479 0.642735 0.55557 -0.35245 -0.429462 0.83147 -0.77301 0.634393 0 
4.06913 4.95825 1.41421 0.140625 0.125 0.448584 0.546601 0.707107 -0.448584 -0.546601 0.707107 -0.77301 0.634393 0 
3.87687 4.72398 1.66294 0.140625 0.15625 0.35245 0.429462 0.83147 -0.527479 -0.642735 0.55557 -0.77301 0.634393 0 
3.65751 4.45669 1.84776 0.140625 0.1875 0.242772 0.295818 0.92388 -0.586103 -0.714169 0.382683 -0.77301 0.634393 0 
3.41949 4.16667 1.96157 0.140625 0.21875 0.123764 0.150807 0.980785 -0.622204 -0.758157 0.19509 -0.77301 0.634393 0 
3.17197 3.86505 2 0.140625 0.25 0 0 1 -0.634393 -0.77301 6.12323e-17 -0.77301 0.634393 0 
2.92444 3.56344 1.96157 0.140625 0.28125 -0.123764 -0.150807 0.980785 -0.622204 -0.758157 -0.19509 -0.77301 0.634393 0 
2.68642 3.27342 1.84776 0.140625 0.3125 -0.242772 -0.295818 0.92388 -0.586103 -0.714169 -0.382683 -0.77301 0.634393 0 
2.46707 3.00613 1.66294 0.140625 0.34375 -0.35245 -0.429462 0.83147 -0.527479 -0.642735 -0.55557 -0.77301 0.634393 0 
2.2748 2.77185 1.41421 0.140625 0.375 -0.448584 -0.546601 0.707107 -0.448584 -0.546601 -0.707107 -0.77301 0.634393 0 
2.11701 2.57958 1.11114 0.140625 0.40625 -0.527479 -0.642735 0.55557 -0.35245 -0.429462 -0.83147 -0.77301 0.634393 0 
1.99976 2.43672 0.765367 0.140625 0.4375 -0.586103 -0.714169 0.382683 -0.242772 -0.295818 -0.92388 -0.77301 0.634393 0 
1.92756 2.34874 0.390181 0.140625 0.46875 -0.622204 -0.758157 0.19509 -0.123764 -0.150807 -0.980785 -0.77301 0.634393 0 
1.90318 2.31903 2.44929e-16 0.140625 0.5 -0.634393 -0.77301 1.22465e-16 -7.76908e-17 -9.46665e-17 -1 -0.77301 0.634393 0 
1.92756 2.34874 -0.390181 0.140625 0.53125 -0.622204 -0.758157 -0.19509 0.123764 0.150807 -0.980785 -0.77301 0.634393 0 
1.99976 2.43672 -0.765367 0.140625 0.5625 -0.586103 -0.714169 -0.382683 0.242772 0.295818 -0.92388 -0.77301 0.634393 0 
2.11701 2.57958 -1.11114 0.140625 0.59375 -0.527479 -0.642735 -0.55557 0.35245 0.429462 -0.83147 -0.77301 0.634393 0 
2.2748 2.77185 -1.41421 0.140625 0.625 -0.448584 -0.546601 -0.707107 0.448584 0.546601 -0.707107 -0.77301 0.634393 0 
2.46707 3.00613 -1.66294 0.140625 0.65625 -0.35245 -0.429462 -0.83147 0.527479 0.642735 -0.55557 -0.77301 0.634393 0 
2.68642 3.27342 -1.84776 0.140625 0.6875 -0.242772 -0.295818 -0.92388 0.586103 0.714169 -0.382683 -0.77301 0.634393 0 
2.92444 3.56344 -1.96157 0.140625 0.71875 -0.123764 -0.150807 -0.980785 0.622204 0.758157 -0.19509 -0.77301 0.634393 0 
3.17197 3.86505 -2 0.140625 0.75 -2.22045e-16 -2.22045e-16 -1 0.634393 0.77301 -1.83697e-16 -0.77301 0.634393 0 
3.41949 4.16667 -1.96157 0.140625 0.78125 0.123764 0.150807 -0.980785 0.622204 0.758157 0.19509 -0.77301 0.634393 0 
3.65751 4.45669 -1.84776 0.140625 0.8125 0.242772 0.295818 -0.92388 0.586103 0.714169 0.382683 -0.77301 0.634393 0 
3.87687 4.72398 -1.66294 0.140625 0.84375 0.35245 0.429462 -0.83147 0.527479 0.642735 0.55557 -0.77301 0.634393 0 
4.06913 4.95825 -1.41421 0.140625 0.875 0.448584 0.546601 -0.707107 0.448584 0.546601 0.707107 -0.77301 0.634393 0 
4.22692 5.15052 -1.11114 0.140625 0.90625 0.527479 0.642735 -0.55557 0.35245 0.429462 0.83147 -0.77301 0.634393 0 
4.34417 5.29339 -0.765367 0.140625 0.9375 0.586103 0.714169 -0.382683 0.242772 0.295818 0.92388 -0.77301 0.634393 0 
4.41637 5.38137 -0.390181 0.140625 0.96875 0.622204 0.758157 -0.19509 0.123764 0.150807 0.980785 -0.77301 0.634393 0 
4.44075 5.41107 -4.89859e-16 0.140625 1 0.634393 0.77301 -2.44929e-16 1.55382e-16 1.89333e-16 1 -0.77301 0.634393 0 
3.88899 5.82029 0 0.15625 0 0.55557 0.83147 0 0 0 1 -0.83147 0.55557 0 
3.86764 5.78833 0.390181 0.15625 0.03125 0.544895 0.815493 0.19509 -0.108386 -0.162212 0.980785 -0.83147 0.55557 0 
3.80441 5.6937 0.765367 0.15625 0.0625 0.51328 0.768178 0.382683 -0.212608 -0.31819 0.92388 -0.83147 0.55557 0 
3.70173 5.54003 1.11114 0.15625 0.09375 0.46194 0.691342 0.55557 -0.308658 -0.46194 0.83147 -0.83147 0.55557 0 
3.56355 5.33322 1.41421 0.15625 0.125 0.392847 0.587938 0.707107 -0.392847 -0.587938 0.707107 -0.83147 0.55557 0 
3.39517 5.08123 1.66294 0.15625 0.15625 0.308658 0.46194 0.83147 -0.46194 -0.691342 0.55557 -0.83147 0.55557 0 
3.20307 4.79373 1.84776 0.15625 0.1875 0.212608 0.31819 0.92388 -0.51328 -0.768178 0.382683 -0.83147 0.55557 0 
2.99462 4.48177 1.96157 0.15625 0.21875 0.108386 0.162212 0.980785 -0.544895 -0.815493 0.19509 -0.83147 0.55557 0 
2.77785 4.15735 2 0.15625 0.25 0 0 1 -0.55557 -0.83147 6.12323e-17 -0.83147 0.55557 0 
2.56108 3.83292 1.96157 0.15625 0.28125 -0.108386 -0.162212 0.980785 -0.544895 -0.815493 -0.19509 -0.83147 0.55557 0 
2.35264 3.52097 1.84776 0.15625 0.3125 -0.212608 -0.31819 0.92388 -0.51328 -0.768178 -0.382683 -0.83147 0.55557 0 
2.16053 3.23347 1.66294 0.15625 0.34375 -0.308658 -0.46194 0.83147 -0.46194 -0.691342 -0.55557 -0.83147 0.55557 0 
1.99216 2.98147 1.41421 0.15625 0.375 -0.392847 -0.587938 0.707107 -0.392847 -0.587938 -0.707107 -0.83147 0.55557 0 
1.85397 2.77466 1.11114 0.15625 0.40625 -0.46194 -0.691342 0.55557 -0.308658 -0.46194 -0.83147 -0.83147 0.55557 0 
1.75129 2.62099 0.765367 0.15625 0.4375 -0.51328 -0.768178 0.382683 -0.212608 -0.31819 -0.92388 -0.83147 0.55557 0 
1.68806 2.52636 0.390181 0.15625 0.46875 -0.544895 -0.815493 0.19509 -0.108386 -0.162212 -0.980785 -0.83147 0.55557 0 
1.66671 2.49441 2.44929e-16 0.15625 0.5 -0.55557 -0.83147 1.22465e-16 -6.80377e-17 -1.01826e-16 -1 -0.83147 0.55557 0 
1.68806 2.52636 -0.390181 0.15625 0.53125 -0.544895 -0.815493 -0.19509 0.108386 0.162212 -0.980785 -0.83147 0.55557 0 
1.75129 2.62099 -0.765367 0.15625 0.5625 -0.51328 -0.768178 -0.382683 0.212608 0.31819 -0.92388 -0.83147 0.55557 0 
1.85397 2.77466 -1.11114 0.15625 0.59375 -0.46194 -0.691342 -0.55557 0.308658 0.46194 -0.83147 -0.83147 0.55557 0 
1.99216 2.98147 -1.41421 0.15625 0.625 -0.392847 -0.587938 -0.707107 0.392847 0.587938 -0.707107 -0.83147 0.55557 0 
2.16053 3.23347 -1.66294 0.15625 0.65625 -0.308658 -0.46194 -0.83147 0.46194 0.691342 -0.55557 -0.83147 0.55557 0 
2.35264 3.52097 -1.84776 0.15625 0.6875 -0.212608 -0.31819 -0.92388 0.51328 0.768178 -0.382683 -0.83147 0.55557 0 
2.56108 3.83292 -1.96157 0.15625 0.71875 -0.108386 -0.162212 -0.980785 0.544895 0.815493 -0.19509 -0.83147 0.55557 0 
2.77785 4.15735 -2 0.15625 0.75 0 0 -1 0.55557 0.83147 -1.83697e-16 -0.83147 0.55557 0 
2.99462 4.48177 -1.96157 0.15625 0.78125 0.108386 0.162212 -0.980785 0.544895 0.815493 0.19509 -0.83147 0.55557 0 
